2048
1410
154
5481
2221
136
97
1602
2172
5792
196
23
9520
673
6876
8528
1960
4060
341
2311
2339
2682
6148
8009
7251
7969
4678
4071
5959
3086
4502
4376
3439
5190
738
8462
4899
3534
6607
2487
6076
3059
2116
8658
5874
675
2162
270
2215
2617
5796
4785
141
7414
4450
4150
3902
2466
373
2682
1889
8391
253
9208
5900
9146
2517
9576
416
7282
7884
4629
9897
2098
879
5804
7123
6960
3333
6461
225
7704
3464
5660
461
2261
4313
5821
7305
7432
5795
6503
7507
7107
9931
4221
6769
9337
7066
2513
8443
1169
4359
9650
3069
4139
9005
6477
9355
9646
5632
1507
9895
2364
9655
5820
416
8167
768
7699
5481
9477
3717
9640
896
8936
1191
3531
1861
1273
8390
4769
6485
4455
1624
4337
2727
5406
5992
5763
172
5109
11
3658
6315
969
7734
785
9903
8169
9143
1787
966
9871
9080
8556
850
8347
2490
5373
4319
5704
5349
6678
4016
7992
3486
3208
4359
5028
7914
1476
5261
9667
8584
1000
3966
6199
1898
1799
9153
49
804
9159
6668
8728
7374
8104
9598
9928
5154
6267
8339
2673
9394
7030
8087
9942
6425
5260
1367
8024
8995
8564
8608
1738
8368
739
8475
3551
3914
9171
261
5244
7442
7994
7182
5178
7023
6773
9217
9319
3850
6730
5327
1145
4102
8327
5144
8193
1960
3036
829
3606
7788
3207
6276
2232
2162
115
5680
4056
8092
3107
819
4730
5646
6046
8199
9997
6855
263
9193
7547
3896
6712
6523
2109
5257
238
6965
1088
9462
4062
6162
6837
1283
1114
1858
5215
8858
6607
2220
7538
9810
4516
3593
9955
9406
8394
5760
8370
9234
86
8148
3069
2512
710
7380
3529
7568
5440
7485
8723
1102
1388
1136
2457
3835
164
7421
3981
5845
9460
8075
7881
9301
4043
7335
2097
9375
560
6600
611
4818
7790
3350
1197
2650
873
8646
7780
5680
4380
417
5733
4565
7321
233
2843
1409
3915
9571
6873
4761
5982
403
8563
3328
4196
123
6111
1414
576
498
4513
1999
9459
9867
4225
3334
3676
2254
4653
7777
326
4107
7437
8111
8012
7110
5173
2402
9532
8664
6661
6961
5227
8584
4563
7537
4281
8086
6009
4858
5302
3516
1497
4214
9155
1878
6106
6724
6137
4915
4843
8843
8950
6096
3461
2271
5165
9561
1749
8383
2131
8571
3919
3724
6577
4006
1056
4503
4551
2264
5305
6908
110
1755
6435
8453
6238
1352
6810
3844
3957
9462
4016
1715
6573
7222
9474
5373
3588
4090
9130
4088
2664
4746
5069
3918
6755
3217
3738
2976
3767
5760
5849
9459
5981
8039
790
339
2335
8784
4640
6586
5988
7477
2300
6988
8967
1254
7885
7132
3325
1670
8881
1444
5886
42
598
1734
8652
9245
8079
2007
8318
2882
2380
6249
6591
155
6749
1064
2906
8272
4449
95
5377
28
2411
1711
2190
9478
8608
4830
6645
5902
92
141
1714
6332
2942
1789
7082
804
146
2432
6485
4534
2864
5771
9672
6339
5480
9653
5570
7006
1316
5932
4885
670
1261
3953
304
7187
5895
8479
2599
9308
3697
3846
5942
3830
9011
5248
5985
1120
8522
2455
1713
5762
1723
5568
7153
5913
5191
8592
584
2139
4850
8105
229
3808
8861
226
6378
2297
5182
6928
6498
5229
7170
3299
653
901
4803
2754
3435
2339
9109
2381
5390
2696
9494
1880
4028
5334
5071
4163
865
3768
3407
2359
3462
7690
9696
2008
1342
3955
1937
1677
6788
901
457
328
6100
2383
1746
2217
9383
723
5425
3115
9807
4180
2941
8802
4447
8506
4708
6925
6428
8996
693
8285
4471
6754
9135
5244
7150
3371
1718
1684
8906
289
4418
623
6401
3642
1511
1117
5767
7524
5938
9864
4843
3744
8996
1060
4922
4387
9745
9194
1599
2062
327
5805
7762
135
3280
4319
900
2523
6888
7602
2872
4271
6737
1796
4147
6833
7076
3110
6690
2029
2158
3721
803
5778
832
7475
2672
8509
662
752
6064
815
3052
1311
5971
7129
3382
5229
5065
1862
7160
5168
6984
3446
4252
632
7548
3807
9987
7053
4858
3280
3163
8998
7710
9352
3826
5381
3653
932
8497
3982
6075
5502
3169
6755
8241
7137
8517
8132
1067
8079
7915
8105
1332
4490
4327
5825
2542
6246
6443
697
5210
63
6033
267
3673
7976
3632
1112
7210
8764
756
1377
2474
4274
6179
4678
118
1278
1933
3236
1652
8387
5583
5908
1082
9370
3283
6138
7871
5282
2410
2965
9627
6971
211
7825
7362
3446
1376
8914
7739
5864
7286
7077
9174
6728
5988
4862
1736
4975
3693
8290
9081
6042
1643
9242
7425
8355
3449
941
5246
1594
5413
3232
4138
4619
9289
2455
4798
3997
5482
5753
927
2175
7337
9527
3045
2786
9747
1312
1171
2281
6522
9859
4980
4251
2599
2994
8413
8421
9630
6424
6890
682
6299
3239
3650
5319
2609
164
3624
6567
2386
5403
804
9141
5764
2876
6997
4911
7641
8115
2666
8961
1302
4062
4592
6813
7528
1812
756
4794
4711
9467
4740
2493
3974
4613
3653
8955
5260
497
167
3864
5602
9187
6068
4194
7806
393
7038
9959
5288
3065
6034
9841
829
4235
9860
9303
9192
290
564
9783
8426
8927
8847
6963
2924
9783
2916
841
1909
5488
3923
9322
1375
9333
5914
5381
4147
4592
4636
4216
7557
5920
8165
1754
4574
3105
6288
9180
5070
3828
6635
8120
3990
1177
4668
8375
6276
327
7052
2205
3867
585
8953
8936
4112
1461
1402
5391
6338
4611
8301
4290
1889
2561
2328
1784
1547
8434
8562
820
9207
7954
5347
4432
1435
6961
3248
9597
1950
9479
3106
5275
3334
8633
6457
2598
8801
1252
834
1546
7312
356
4138
332
1643
8467
7622
9591
2465
3199
9831
4219
1534
9878
9296
3747
6300
2002
5419
345
3530
1701
9839
1147
7409
9766
2467
8746
1141
9174
1514
3626
4306
1860
6989
4799
135
9157
1140
1198
2562
73
3136
6258
4982
2014
505
8438
4452
5693
5329
9611
4845
9386
4663
9643
5760
6510
2502
8319
7111
4349
4780
1139
4855
3329
2156
8856
1398
9331
4650
1626
7404
835
173
6487
939
2005
343
2251
1585
1964
3045
3073
6402
489
7966
3759
2076
8055
6860
2432
5130
2526
2112
1452
6680
7991
6262
3631
3926
3384
2855
5490
5278
99
8967
3792
1885
5170
1185
1118
200
1165
3892
2123
2754
4284
5949
5002
307
1403
2488
3116
3760
4846
4818
3240
3376
582
252
7862
8517
6168
7618
912
236
9472
7290
3666
6575
2861
7427
7884
3298
3554
6754
6609
539
24
1823
7892
292
6956
8582
9804
9787
680
1077
4729
6989
6944
9527
1391
1845
3454
7157
6383
3889
2918
6714
9667
3116
2098
770
4241
84
3515
122
7067
9553
9283
2826
3259
8625
1852
7958
999
5318
3570
5594
9124
6519
9359
2747
6826
813
6511
3717
5144
2907
4209
110
3262
3715
8364
1018
7352
703
2738
7584
2295
6263
2592
1941
9311
3082
6076
4569
9488
9393
2142
2030
9581
3044
1425
4296
3679
5800
5615
2520
6203
6670
1905
1836
9273
8829
6867
9360
3665
7396
7061
1280
5508
5399
6473
227
6312
7286
5328
4822
6030
49
6148
1334
6106
8015
1474
1177
8530
510
131
1190
7928
6121
3591
2569
1155
3391
5966
6233
678
6398
6007
1178
3353
7881
8106
3923
9839
2665
6891
4645
3355
8014
880
8344
6741
6257
5863
4238
3489
2957
159
6564
7554
6671
3722
8990
9510
6695
6550
3756
3491
2236
7365
8991
6257
2699
6621
3887
7385
1024
3952
7822
3587
1047
1704
50
6742
3323
8994
6060
9643
8955
388
8007
8645
7045
8795
9941
4240
2831
4149
8732
2479
668
5452
8320
1119
1808
6974
4302
2552
7574
156
8137
3561
1168
1448
7141
9376
4301
8419
5943
1761
6714
2680
7874
8021
4314
3711
2502
9380
2103
5172
7875
6930
1608
7618
4776
6311
4166
4249
9528
7506
4588
7564
4020
7785
699
8973
1721
9725
3106
3175
9176
2353
9388
1056
7528
9859
5239
4030
5182
2134
9192
3701
5239
4524
6884
1028
406
7752
3558
3301
4822
72
2969
6459
2147
7215
6178
3021
2819
6199
683
9267
3435
8167
3821
9369
6427
8306
8124
9171
345
6495
5346
6733
3799
8465
3222
1195
8301
4569
6555
4106
5765
9944
5513
9149
7787
4276
740
2968
8413
1494
4058
6398
3884
1730
5926
945
9154
797
5447
285
4454
3319
5468
5263
6616
6736
5631
241
638
9309
3097
670
4676
9503
2962
5253
5655
7753
1939
5126
104
2878
5151
5291
1175
2347
2223
3402
2768
6863
7911
8575
8117
7243
7566
5308
845
6022
4778
5057
1205
4496
7972
6676
5514
6327
2256
6604
2787
9375
9069
9126
122
6881
4861
4810
7730
627
606
9085
7242
9485
809
5007
5373
2511
430
1939
1824
4554
2292
3863
9768
614
6639
546
3591
4882
4053
9187
868
5265
264
4386
5070
8869
9399
8893
6151
7934
4000
223
1036
9760
2722
4263
5467
5455
6653
3849
5787
3297
64
9065
1570
4730
6699
9019
1820
7113
5735
8729
1760
6336
906
4778
9703
463
9814
8547
1718
447
2860
6130
7134
7743
5029
5671
6131
4356
6848
7255
6417
241
1950
3712
4933
6248
9087
7504
8551
3184
1447
1129
6554
9422
5854
4506
5343
5742
5158
3862
6548
9597
5091
596
9928
2334
6157
3115
4249
8114
8406
2141
833
6010
7884
8249
757
6603
3055
4942
1908
9875
4776
36
66
3599
8816
7925
5324
2651
7839
2790
7635
816
8168
4253
5585
3861
9864
1258
828
5198
3842
4644
4874
6901
3875
7914
6973
8774
7869
4792
9663
5503
4231
1730
9364
6505
535
3182
3941
2085
8547
4580
7779
6378
6975
2646
2216
1071
4268
5325
7027
3416
4386
2460
4310
2370
6508
4061
6517
2204
2899
3924
8699
6840
6132
111
2296
6231
2550
1657
112
5130
2024
9445
444
8882
1210
7254
4969
4410
7769
284
1743
8193
3393
8057
5866
9569
2004
7083
7280
1602
4265
9858
3913
4743
2218
7099
7455
2079
8411
135
7445
1964
252
5482
8190
91
1098
448
380
2604
5351
6393
9325
74
7109
9341
845
735
5455
5646
65
9759
5368
6122
710
4744
3092
8524
6525
8287
1702
2181
1106
1149
3933
8764
3775
5787
4773
2207
2843
9400
5240
816
9311
9220
7727
9987
6960
3063
2076
5350
3171
3287
8973
3074
9275
2653
6687
2940
8904
6098
9369
1297
3889
283
9120
4245
3162
7928
9040
4958
2757
2497
825
3548
7006
4422
966
500
3097
8486
8529
2378
2428
9932
6313
3506
117
8858
4604
5380
6068
3786
7375
6611
3277
2886
4476
3061
7905
2942
380
5606
9818
2475
3970
644
750
1631
5104
4280
862
9210
5624
5181
2361
1574
1217
4491
3308
6117
1304
5919
1561
5335
2584
8863
8119
1571
1621
6675
3565
7762
5978
8057
193
6719
4146
7123
6316
315
670
8293
8850
8395
3994
6103
2180
9478
1063
6562
9697
1419
9614
5500
594
2442
3955
145
6382
4194
8555
3442
5755
6589
2692
5828
1266
2443
9765
2200
7176
8010
4380
3347
9851
9308
6636
1340
5622
7169
7468
5747
680
8266
3159
3019
3681
1502
3154
7418
3091
6797
9073
7074
7360
9167
7576
4489
8350
100
9308
9224
4588
9286
5351
7054
5962
2216
5224
9090
5928
7995
3016
6700
8533
3606
1229
6077
9858
4065
1368
7060
2205
488
6239
370
7710
5578
3642
1128
5925
1479
6937
9365
7029
1251
6840
6427
378
2887
8990
4713
5321
4948
8663
2983
7373
9813
4422
2546
9560
1934
7747
8219
7077
2251
7267
462
8407
6746
9186
4496
4464
7658
473
8255
8876
2637
2689
1373
4365
1448
7133
5528
2669
3249
5664
6067
2543
6267
7768
891
1860
6460
6586
4022
3425
2026
3070
6220
3534
3513
603
1745
6649
15
250
5063
3075
4005
8070
1578
9777
9422
9328
2129
1455
1143
2046
1386
376
879
949
6780
3653
5526
331
7789
6201
3770
6029
6830
7797
8555
3706
6019
29
8698
9099
3530
6135
9478
2767
2293
1314
9676
7854
3561
7158
8728
7297
9936
5535
2888
1330
6781
6865
4598
2209
2741
8262
9061
3221
8297
4037
4190
5307
1205
7145
5710
