256
5387
65
652
8759
1425
5517
7751
6033
8394
4661
2375
9710
7254
3070
4050
3360
5260
2656
8887
8739
2471
7915
1256
3754
2392
6209
6057
6714
6900
4230
6526
4381
5963
1806
1412
4685
9109
766
4340
8175
7805
8330
8178
5250
1949
7130
5687
4579
8021
8038
9002
861
2779
2135
8226
5800
7440
4020
7963
529
1251
7336
1872
9213
5380
4606
9620
7855
9850
3815
8204
197
6580
3195
9823
9457
3335
4503
7931
1617
7335
3216
4685
3542
5703
647
2041
2013
9445
2995
8852
3591
9555
4276
5837
8138
7212
1480
8170
2790
871
2514
7421
8416
8523
2831
9718
3518
9552
2137
7880
3065
1228
223
7247
7073
1106
905
1859
8576
7161
3216
9301
5777
8301
6588
8968
7963
9566
3409
6393
6435
2359
3329
7529
4458
2750
981
881
4321
7464
1751
6681
2988
5349
7364
2286
6932
9511
2909
8024
5012
2887
3036
5870
7725
7134
4058
3462
3938
2436
8094
2657
1077
4836
2261
4061
8284
8824
9838
9429
902
6903
8548
9012
610
9195
271
8330
3183
2175
8929
3235
8689
9786
7384
7780
5238
3748
3018
31
7081
6174
2151
3162
4691
4223
1327
7459
874
1705
345
5665
8461
9352
1932
5016
7405
5521
6450
7275
3028
5318
587
7762
1268
1986
5521
7198
658
3037
6265
3363
671
9275
6176
3958
7350
5963
4521
3123
1050
1194
130
7837
2914
364
7119
3140
5963
6926
1976
2540
6353
6712
2119
6044
1595
4169
6925
5932
1574
6282
2283
7919
9574
