1024
6774
8722
9284
9725
2265
6231
2492
9249
7405
7249
7809
5004
7183
7658
1948
6063
5800
1932
9499
4126
1297
3720
8835
566
9502
3987
3125
7054
7798
3552
3921
1714
4080
5934
9698
5505
3295
5502
770
1273
7866
8803
4609
6714
4635
6165
9594
3226
3311
3603
9511
9298
1006
8968
2647
232
4442
5709
7588
1798
6717
5924
353
3173
3570
4360
4118
7629
5328
2816
3479
9097
222
1972
7304
3985
4887
7489
291
5206
6203
5186
3283
1109
357
8561
6231
6050
3547
5304
7947
4761
4020
4796
990
742
150
4316
8003
993
1611
4766
1586
7449
421
9053
8494
1553
2968
8663
5011
1009
1714
8405
6662
4335
7488
6850
3742
1042
657
9328
395
2188
9561
4
9064
8495
5388
4819
4505
6863
7174
7860
6771
2475
4475
3204
38
4197
4199
8887
3909
2916
5608
6515
5534
6513
4255
1357
7692
6681
3142
4632
8045
4504
4222
6977
2636
6281
8685
7310
8764
5370
8509
6786
341
8217
3810
4819
8922
9497
3524
8798
276
6429
9502
4061
9582
1577
9665
4680
8381
3097
1548
6152
1311
6713
3932
1141
605
8155
8644
601
2523
6483
9193
6975
3359
3019
966
9485
413
6017
4150
8181
4064
1731
45
9181
3375
7380
6552
2731
6494
3928
2047
883
4637
1148
2851
1841
6321
8783
6648
8855
6877
1059
5525
6933
8352
1926
9824
1225
7926
4784
7001
8735
4037
7071
8434
7219
3488
2233
6260
3964
7009
8045
3387
4793
1528
4721
8764
3031
6665
8117
4970
5394
7528
1564
7464
9937
5014
2322
652
4456
2135
4311
8814
7854
6629
5607
1724
6221
5440
1267
8275
7560
3713
5695
5544
7375
5000
2862
2359
868
6943
6282
7729
3425
7371
5950
3640
2726
9790
3657
8249
1157
4676
4567
2586
1686
5050
1008
6008
3855
502
2821
9672
6910
3352
6391
8745
9362
8888
5988
9238
7104
4891
3546
5375
22
4030
272
8579
1213
3040
9741
2961
4685
8012
7621
4887
3068
5728
3088
6036
6586
3322
7711
2695
3570
4282
931
1938
3381
1907
1386
3254
5582
2809
5957
6502
588
3696
4338
9612
4624
7928
7961
1479
849
8116
8951
8647
5265
3025
9070
6820
4444
6789
2220
4144
4906
2062
5145
5568
9376
9255
2024
3159
732
7855
124
9146
7571
7358
2028
8250
552
438
9053
1558
4842
2192
2686
2638
6509
5827
2793
2907
4271
2083
4977
6040
5778
8069
4419
9559
4299
7855
4615
3722
1521
9858
9838
291
5516
3521
9550
1281
445
2632
1226
4942
7507
1141
2703
9605
4830
8490
9620
7968
5015
7013
5619
670
6086
5174
630
5685
5618
1712
6904
2573
7723
5719
9295
3779
5630
4120
4297
676
2714
2370
8199
7729
7761
603
1506
9708
3974
9908
3068
2072
5954
4493
1672
9965
1255
4016
5692
4199
6535
5248
7296
2168
3383
9499
501
8158
7990
8495
2044
1833
4070
1442
8636
5821
7555
6147
524
2439
2944
6090
3719
96
7730
5467
2938
8402
2811
4572
9678
9778
5389
6705
328
883
3866
1207
1038
5892
5307
2077
9110
461
573
1266
7011
6782
3800
2956
189
9935
9789
7543
1323
3238
4490
5952
6248
4231
3443
7154
9306
6060
7351
6026
12
5982
964
6274
3432
412
2833
4631
9224
6476
6786
4888
9903
7151
4113
4513
5284
8454
8369
3588
8129
7549
7245
990
220
3040
5376
5032
9763
2533
4525
6386
7239
3482
235
5032
354
7264
652
4396
3229
9758
8074
3732
4256
5932
7913
9340
1533
8925
2859
755
7190
4915
8106
8400
5802
4330
9955
1910
3703
6527
6083
4911
7103
7420
5351
7142
329
5356
7016
7561
8529
5815
6357
7787
522
4307
5815
7306
1740
8582
8983
780
3756
4768
8692
788
6393
1907
7162
5870
4996
2791
8861
4893
6627
8442
5125
420
7121
6205
4677
2876
192
4071
7534
3794
5406
7368
8446
6343
6534
3273
5021
7684
1397
7878
3648
3476
5763
512
6782
9929
1509
2626
9812
8782
1753
6563
5799
9749
9779
2144
5071
898
4318
7147
6642
6576
6350
3788
8681
1120
4493
6485
7552
4020
6400
7945
5427
8170
5654
1040
9485
4374
2189
8967
8352
4165
4526
7489
9032
3983
3170
1010
5293
7424
6326
7837
1115
2509
7772
1722
2956
9926
3730
997
8384
6172
1508
1073
9676
5244
8316
8713
9330
1777
4678
4699
4721
7883
7163
4345
8354
9065
6338
7906
4479
1500
5866
6157
9376
9825
3618
6690
6153
8837
4182
4755
3824
2379
9893
7326
295
893
217
1213
9881
6717
9088
3267
590
8297
8111
9624
7361
3241
5360
5249
3275
8949
7458
4334
4034
3911
5629
1887
7791
4091
4325
6706
3343
4121
7903
7416
4854
3999
4764
2836
3239
5773
6362
4613
9797
5927
4548
3800
9293
8613
1419
7762
220
4904
7581
7453
7138
5262
8000
8453
7460
7819
7813
2289
7618
208
170
9960
6587
732
9009
1599
3382
5809
2292
6278
7029
4048
3647
9995
9844
9691
6081
5841
2896
9399
86
9548
8647
9613
2743
8720
2144
9858
5433
8791
4163
8947
4283
1341
2273
8375
9126
762
5986
8966
6460
554
2204
4284
4295
372
2254
3448
7065
3582
1109
2514
7304
5300
8920
2055
4541
1012
7391
8716
9572
3567
3723
7415
5728
7577
2228
6092
5167
970
1707
698
8471
2339
2153
1478
6666
9376
856
3565
9140
2765
3541
7151
3074
4224
1447
4731
9457
4554
4953
7081
2707
6913
3324
1672
4219
7370
8856
7884
6434
3999
8083
4132
6531
2745
1689
2725
4264
9057
6505
6093
4532
8455
4497
488
3206
50
8306
7852
8407
4264
8064
3774
2809
5228
41
5192
6068
1247
3217
3572
6448
4970
9841
1460
5696
7959
1419
8078
5021
5495
3472
6968
9316
7063
5539
8690
8586
924
3697
2345
9675
3132
997
2258
3505
6935
9227
7155
4245
228
5849
9409
4858
6035
2772
1390
8897
8144
1745
8496
3368
8354
9741
8722
4058
6092
5198
4918
9407
3823
7097
4057
6864
8219
3601
8866
9188
2187
591
7295
2097
1508
818
6634
8782
8847
7974
8648
4079
5934
2408
5558
4394
6287
9278
6298
8077
