512
3733
1493
8364
9461
7119
9886
9530
3643
9817
1251
9220
2804
1068
7775
9484
8784
6862
7446
2459
2463
6081
3525
2345
6734
2269
152
7152
6021
5412
8963
1251
6452
1049
5927
4812
9157
7731
4246
8909
4404
3935
3995
1133
9847
112
3501
6949
2655
5565
5404
8727
652
3476
6189
962
8443
9123
3330
1906
2959
1452
6619
7190
8931
6160
41
723
6489
8427
1821
3569
5739
9190
3297
8400
1425
1540
6062
1257
3092
3513
3536
1608
6593
2519
1514
3076
5802
61
9983
4341
8020
9018
4744
1202
3026
1841
5063
8742
1962
2507
5416
5033
2602
8701
1630
7809
2395
7860
7562
8023
5486
8609
4325
9311
9925
3551
3384
8733
8121
566
9511
6563
1277
8843
9116
9055
9915
9752
3587
3499
5604
1906
4441
1652
6326
6806
4978
8224
6035
1820
1311
9785
1931
9788
1719
5470
9864
3651
9072
6827
5447
6362
8222
2453
6508
6584
7947
2223
8292
8786
514
8925
9588
4065
1020
5166
6320
7256
7652
1868
598
1151
5510
2534
4482
6663
9543
1110
4760
920
1261
4562
8717
6237
8277
6315
316
7978
6523
100
9109
4330
250
8336
1471
4880
9682
9517
6342
5511
2025
1142
3510
8260
5624
3142
3881
8893
9183
6188
511
2217
3814
6493
9259
9835
2807
7095
1089
9105
8004
203
3558
9924
5787
6291
3371
7274
3442
5357
2828
5095
4513
6304
45
3508
7426
6378
2971
4723
7343
1923
9942
1236
4334
8560
5578
8577
8975
5949
1789
1301
4147
654
5335
3200
8531
9465
4614
3172
5673
9553
266
6325
8341
6715
674
842
8316
1655
6632
8172
2324
4994
2425
3403
4145
6134
5626
8598
4987
217
5426
5520
941
888
7761
3422
9413
5048
6841
9262
3879
174
2368
6663
6299
8167
5151
6633
1758
4329
9205
5478
4623
4395
1248
2975
7654
7601
4374
4742
4848
1990
8959
5605
8428
1324
7269
9478
4666
1962
9351
6650
3489
7868
3640
5657
3926
575
8536
2008
3750
6208
9571
2441
818
3662
1192
8497
5196
9805
7213
2869
3245
2259
8973
1119
7516
9376
9982
530
7373
8929
1430
7959
3849
2140
2780
2630
3314
9919
225
2533
3619
4787
5387
1936
3664
2812
5483
9595
5903
1521
9966
3216
1126
3878
5758
1448
2703
7547
6002
9250
5655
6837
2823
946
5423
9095
6623
1052
1653
7576
5293
6183
9436
742
3911
8064
8255
4915
3105
3653
5489
5135
1731
6384
6997
978
8089
8025
52
8028
2829
7030
3083
4507
3241
609
4181
1880
4028
5259
6916
729
4559
9884
2989
3165
4903
4371
4634
5309
6710
8972
598
953
6773
2862
2437
8222
5702
6380
7929
7424
7068
589
5626
255
2399
4919
1246
4193
6103
6129
9630
5069
2005
3147
2621
6034
7924
1637
6696
3291
4653
43
1070
5615
2056
6396
646
1115
6993
2933
31
5438
9520
4270
7859
4002
1357
8811
1113
8047
6648
8244
8419
3526
8710
798
4087
905
7191
4757
5794
4074
7427
5038
6787
5256
592
5051
7745
356
4018
7436
5370
584
6722
