16384
6933
222
3515
3105
5479
9426
3190
4923
1709
3963
8218
5270
8154
8100
4516
7304
2746
6742
5663
8074
7131
7686
7568
9680
6624
8337
1493
5234
3210
4126
4402
2908
7448
995
1664
5759
4633
9693
9173
1943
8926
2121
9126
5364
7453
6924
5495
4925
5864
8649
3159
5854
1545
97
7273
4558
3457
1594
2200
5695
1880
4381
5920
8510
9567
4178
2247
9674
7222
4624
6254
24
3862
3804
8022
5377
7910
5133
4961
9832
9980
8059
2023
6815
2507
1279
1301
2148
4374
754
2857
1909
3474
1171
2972
4875
6341
4170
2912
5177
4363
495
9238
3312
2857
2844
3380
9461
5792
2937
6454
3598
3845
6764
3033
6405
8199
4869
9984
7994
6255
7067
7387
5724
6467
8543
6520
4354
2208
7654
2071
3412
3694
5709
4707
2891
4336
9397
1859
2326
8668
2519
9040
839
2447
790
6601
3107
771
2879
2355
7740
9520
5237
9535
5438
3081
76
342
8109
985
4978
209
2589
1294
2860
1210
6607
9412
482
1691
1933
1960
8111
7420
4905
4252
1957
8605
6572
19
4437
9719
7336
9422
1562
7692
2209
8606
398
9027
5561
8750
3851
8320
2212
1018
9821
9230
8088
542
6754
5814
269
1556
1231
3536
7324
2372
5340
342
6343
91
5418
9149
5648
6791
1835
3824
2658
2550
1264
3165
522
594
194
5496
1774
1002
9878
7487
117
4343
2631
4474
842
7281
1925
772
4442
9508
4615
1004
5873
1324
3221
2862
364
9419
9378
1457
8593
6011
8009
7745
1646
579
7998
7303
8180
1529
6331
228
5918
5769
8593
5582
3577
2736
8973
9244
7285
5353
2764
1341
8672
1499
9171
6799
1271
3114
5362
2141
5307
8484
4329
7050
33
2981
3775
9278
5707
2892
5355
9080
4626
3945
3322
7302
213
9883
6445
81
2640
3449
4579
6389
804
2791
2592
8693
4708
6670
1248
8157
2927
8669
1047
7379
7059
2981
9663
55
662
6410
3494
603
3041
4582
1069
9178
4482
9474
669
3610
6329
3310
5621
6915
1444
2542
9487
8931
392
5088
5370
874
6566
3283
2824
2119
4
2400
7668
3168
2928
1795
5132
6323
3600
8403
6656
4807
6412
765
2804
4270
6019
2743
629
4287
6245
697
6274
5418
2074
277
2041
4878
3195
2384
746
4289
7616
645
4643
8970
688
3399
6795
1835
6803
1889
4121
5999
3782
2371
7294
614
3786
6110
9856
8057
5038
2741
2579
115
5769
4162
8237
3105
6323
2177
2386
4590
9147
9641
8364
4
9847
6647
1724
637
5425
7547
4911
1926
1376
5510
2816
318
3497
9529
923
8868
568
8890
2024
4185
1383
4926
9077
4020
6742
3945
9871
7591
5121
5757
7876
2291
2654
1821
5317
7602
5923
1018
8758
1043
6450
3104
8785
2691
720
3258
689
4027
18
9474
4854
2766
5991
3929
3302
5254
9108
6795
9682
7796
5403
6021
4288
6598
8785
7182
4719
6927
5709
9098
5562
6699
7592
3083
9723
6436
952
5815
3523
286
6277
1957
3078
3097
4900
6958
7704
5805
2477
1342
6980
6203
1620
8144
8186
9976
2298
2451
8085
2478
8516
2199
3904
7943
7159
4467
1603
3184
7703
5750
8711
7988
4603
3023
5787
385
6937
8951
7437
3347
7153
1734
6448
9558
6865
2645
3495
8994
8601
5026
1468
9467
5798
4088
9395
6572
4803
403
7779
5992
5233
7596
8785
9238
6710
5713
9306
4148
9325
7142
7015
104
4738
6767
1051
9210
1688
3398
7926
7375
3096
341
6767
2465
4260
4463
6372
7172
247
5305
5457
8174
2748
579
1863
9422
6695
9205
6107
4097
1395
3558
4478
7363
5072
2704
2670
700
2301
8790
4403
9028
9548
4377
9718
6359
6038
5155
9312
5456
200
2551
5567
8263
6996
2650
7410
5171
3765
3002
5515
6622
3312
2571
8806
1836
8295
4842
3200
778
7203
9228
5389
7086
4118
1292
4369
5095
4347
401
5203
3896
2983
7384
8980
8871
2123
9866
7204
273
6047
9573
9254
7351
2455
157
3855
6984
4023
1570
5815
1195
2835
6735
5569
6587
5035
7360
2972
5302
4144
6226
5921
8751
6574
155
6454
1974
6482
2197
8442
829
88
5258
1258
8519
8625
6062
9357
2831
144
3779
8737
7714
3591
5212
4979
3038
4129
4023
7092
4532
3476
1087
3306
484
9070
1633
1878
6618
692
1526
8119
5301
696
1923
9633
4555
9370
8561
7466
6167
5557
8843
5335
5952
449
6393
1239
8930
2231
5594
1219
4885
2633
3423
4335
3598
4954
6724
3241
4771
1321
1991
9822
7401
2765
5635
4945
9501
8153
3779
2064
2682
6335
9521
8480
2707
7960
2371
7044
2518
6400
7127
9567
1383
1446
5956
2259
5839
1423
391
8183
90
1064
8390
5077
4300
6193
6377
4164
8837
627
576
6319
3556
7169
9176
1227
8989
3483
4866
8887
1470
4660
9459
6412
1810
8335
7556
8698
1890
1953
7929
5926
5484
8230
9425
4422
254
9618
8222
5670
1079
5774
1274
2424
9960
3669
5400
6542
5239
8912
8877
4553
1718
1959
2473
6530
2444
168
9532
3921
2721
3244
413
5311
7535
5234
2205
1009
2659
7996
8901
3299
3990
1773
5062
320
6881
4593
8857
5344
1293
929
7886
4777
1709
4183
6610
6709
4048
9906
5835
1596
4036
5418
6239
8375
992
7887
6665
2471
7195
4682
8174
7079
1120
2028
2032
2216
6557
4739
832
6420
7755
5833
8741
3690
3132
283
5519
2255
5141
9191
246
4565
1795
651
2633
7862
5771
6920
9153
6021
5325
3437
3166
3000
3873
1758
3466
2588
4591
565
1933
7578
3117
9588
7862
2463
7374
1337
9418
1774
9948
7445
8675
3512
5894
3514
5660
7956
1782
5900
1712
4419
192
4132
8044
7425
4239
8498
8426
3384
7292
1166
6093
7061
743
207
3259
8461
3620
790
3170
9111
4391
4745
1922
9358
2553
6937
7487
2008
3538
1534
8522
4772
961
2393
6967
3291
483
190
5955
483
2130
897
8113
6514
6170
9197
1283
9219
7624
7017
8544
4559
5738
422
6025
1563
448
6675
7574
463
4261
9535
222
5035
8810
828
7178
7352
3126
2424
5831
1850
7132
4581
2155
1391
5614
1640
2199
1617
7922
6422
3711
403
3782
7426
3297
8611
9218
9089
8394
7949
2137
4832
2439
676
4781
8354
6624
7739
4954
2303
6614
4727
2938
4670
5519
3780
3327
1150
3826
7401
7596
7233
104
1583
6636
3829
1495
7572
6701
6809
9800
2131
9213
1889
1909
1552
8191
2187
3199
2642
3487
3514
4848
4387
9788
5926
3651
6189
6961
1135
779
4441
8745
8207
4749
2216
1339
1858
7836
4820
3734
7928
5408
9261
9733
529
9555
3513
3728
3359
4658
2940
6069
3267
376
5443
1710
6986
5198
8524
842
7684
7099
4625
6516
5555
8256
5404
801
4548
4688
1209
5135
5671
4848
2825
9314
3311
6606
1218
5122
1879
9330
8260
1352
1334
9424
4287
1140
4525
2505
4126
1316
952
7662
4039
4833
3188
3326
5250
9331
6849
6718
248
9318
4599
7518
4113
6123
1244
1295
4663
8821
6102
7802
9804
2212
7071
2749
184
8104
5978
135
5789
904
7605
9148
5776
2406
4702
6255
2648
6254
5951
2780
9521
9468
7314
9471
6871
8376
99
6180
3287
180
7208
6536
5129
5824
7018
6695
2539
2184
9164
8778
309
8751
8981
1661
7629
6422
1610
5608
5506
7260
146
9228
2600
8483
3277
8476
6803
8836
8073
779
5058
8667
6038
58
2258
3429
3933
5909
2486
5885
258
7883
7905
9590
5346
9638
1584
9226
2888
6851
4239
7990
8800
1222
5606
2657
2697
5732
3769
7539
2405
5955
7847
4039
7104
2781
2907
2395
3696
2940
7639
3806
1743
4962
2954
8520
4533
4828
1597
4759
8032
6691
1470
8273
7808
5755
9302
5031
4843
6226
6354
2979
6642
1567
1337
9744
7855
9478
5865
2565
8527
2208
2060
235
2113
3072
9558
5898
8837
8534
8947
5582
8836
8553
8879
1012
4021
1939
6706
7585
1261
6048
7186
1230
5027
7954
1695
3781
1948
157
9189
2947
6216
1524
6568
7967
44
8467
7368
8100
5147
2166
7642
4887
2994
7920
9260
59
6866
8717
871
436
3794
3215
4934
7035
4448
2486
3418
9776
4382
1969
1133
1852
6498
1730
4278
1258
6240
2379
3495
1306
929
4855
5540
8958
5187
489
3963
3826
6017
773
7813
5020
8629
3455
7616
7983
7619
6322
6613
7958
4432
1193
8275
7596
5778
2442
3017
6815
8713
2439
394
9547
665
1494
4093
5065
8651
7569
1113
7899
2571
697
4688
6076
9699
9113
8469
2615
571
180
7500
3736
8743
1184
2825
5258
1663
4576
2276
9931
417
7317
6144
418
7553
4717
3647
7318
9340
296
8976
620
3519
2463
8280
5492
8002
3598
7836
8865
9114
1591
1042
2462
7982
2824
8468
2817
5587
6826
4132
3190
7920
405
5412
1163
1655
6700
3113
5160
7600
3185
9059
8673
6402
1651
3137
6130
3719
1328
6715
4532
4867
3114
1428
3881
5742
3257
3675
6340
7440
7027
1023
9459
2831
4749
592
5502
2467
8682
235
6424
4277
9502
8683
8803
7954
6462
6316
1684
8463
7554
3382
5143
9988
2351
9590
3966
1489
3769
4698
2696
7689
9024
6782
7623
4639
6646
5168
2557
3987
1216
2795
3479
8547
8825
7416
7690
7735
3616
1016
2805
3340
1709
8997
5257
1338
392
9910
2971
6300
555
6779
5265
49
58
7357
2514
1922
2687
7425
3157
4846
1285
4112
1471
176
1109
9878
1470
9043
4898
5950
2803
2827
4593
874
3772
6383
1877
3194
3556
3971
8898
5858
8282
8915
9507
632
4225
2921
9138
6298
7299
4186
4668
9008
1048
7899
5713
9048
6186
6644
3697
8798
2384
2119
250
5841
6260
3703
6736
8979
8214
6358
2098
5636
8892
3044
2289
9743
8827
685
5481
3128
6508
3940
7720
9529
6628
2210
1871
6262
4618
1149
4714
1009
4355
4065
5758
8278
1411
5817
5482
8695
8328
8655
1049
8007
3686
9554
7162
6089
8661
6320
5177
2234
7216
9402
8537
1239
3594
2531
549
5986
5272
5409
9035
9377
2881
4135
884
3053
2809
4218
1208
5294
8223
4675
9462
3689
3900
507
1946
33
5282
308
2252
2444
8811
1586
1754
222
3716
8417
7762
7512
235
2085
1222
6283
8353
6470
1500
6508
659
6405
8914
392
2983
4167
9583
7001
1601
7980
4070
8501
6262
4549
9034
5560
9915
5220
7739
3361
7875
6269
111
853
8188
1423
2521
736
7105
592
8592
9786
3414
250
6942
6901
9299
4925
457
9970
853
8218
5311
9813
8872
6874
3370
6208
2200
5453
5971
9173
8680
7237
1087
8822
9633
5133
4183
8527
4179
2632
5405
8983
7888
6302
4386
4348
5345
2328
2333
2623
1129
6581
7432
9383
9730
7225
9641
4304
7867
8540
307
8007
1629
5109
8505
5809
4240
5313
9937
2700
4502
4063
3874
4035
7910
4284
610
9394
6813
8710
9820
8961
5333
238
7428
9750
5158
3463
8407
2323
4376
9209
1875
2527
4281
9203
3145
8228
9910
3675
2960
4615
1471
3603
3657
2751
8851
9462
2407
6692
6292
455
705
3347
6057
8537
5706
6509
6203
5350
3645
8816
353
5680
5853
688
5975
8595
8129
8049
9068
8906
1428
5643
8695
2637
1353
4041
903
6446
455
1556
5483
3563
7559
5564
5275
5974
1370
9435
5399
169
2398
9735
9449
8650
980
485
9009
2081
7031
3925
7495
8755
125
2847
9613
416
3275
2316
268
5495
5142
7064
4895
5202
9800
5335
6276
6494
9937
2146
1095
5600
3710
6187
3134
6068
652
9501
8539
3970
4976
5605
4414
857
2385
4818
5918
7887
8377
9726
3494
4375
3863
9850
7309
4837
7117
2803
1084
48
3338
3946
743
6233
27
131
7922
2888
7246
1803
7619
2594
6928
8464
3627
1418
5400
6167
2102
5993
4251
9303
4102
849
7412
3572
5256
2138
803
6974
401
3163
1640
2916
7748
7481
4658
8189
7658
2881
3621
6839
1790
9027
2652
127
5183
5150
5379
248
5941
4800
2031
6552
1605
6487
4704
6964
6948
4347
4795
1715
6114
495
6324
5614
7118
5428
4016
1411
9281
7131
646
7883
6959
1935
7254
3735
9239
9666
6491
8500
7324
1870
9182
1367
7373
6980
3669
910
6694
9505
3510
8543
2256
9747
3503
5811
1741
4044
1648
4841
6180
9861
598
7962
8106
548
3762
7647
6930
9971
1630
2143
66
1388
8255
9649
8390
4813
2454
9538
2056
956
6647
1702
4035
7740
4241
4799
5329
8261
5615
1247
3361
9928
9610
8150
4326
4417
1544
4286
2006
9420
6287
7772
4107
59
7604
9427
7859
1940
1902
8821
8477
1710
2264
1599
4025
5339
4194
9665
3404
3819
8829
7200
3665
5310
4574
9671
45
7636
5439
6821
9139
7866
1318
2235
4224
3183
4415
4028
3317
8799
6488
1586
8048
7077
1509
4503
5098
6925
8621
1593
284
6787
2064
9734
1020
7838
1584
9009
7992
4942
8466
118
3270
1462
2725
6268
1087
4477
4856
3655
3944
962
2393
8159
1860
9661
4118
5388
1504
826
5898
943
5403
9688
262
9145
3514
3766
5773
3209
74
480
9714
46
6112
3089
8954
928
2231
2793
2180
2033
8273
5856
3901
9643
4775
8176
2839
9431
6199
1967
2266
3354
6300
6025
3744
3015
6772
3428
4329
6735
5186
3390
7804
9176
5803
8863
7296
9803
1127
116
2491
5811
9663
7097
4938
4722
8344
5729
6010
2255
3020
9349
2509
5910
5161
4535
7796
5344
1335
4083
786
9405
2789
2818
2813
2380
2673
7256
9965
2485
4827
2198
586
5803
4758
7211
7780
4067
5095
6789
7448
2134
5504
8806
9333
5475
4924
578
5232
7795
4331
5379
1540
4013
3930
1527
816
5186
7945
1747
4522
8525
6748
4971
1762
5626
5584
9491
8842
5238
9915
1114
7721
559
6481
7574
3028
8655
7560
5094
1652
8952
2891
8304
8854
9887
1696
5167
937
3794
163
2671
5202
2748
9141
9909
9362
8866
7553
1909
6171
6214
4533
7859
2216
2278
254
5694
440
7508
7293
9696
822
6617
6115
3988
59
4697
8660
6318
4153
3582
4155
6939
2877
2250
6072
3852
2948
2628
7296
858
6481
6961
2567
3179
2849
1293
4572
4721
8350
2332
905
5850
205
702
8400
8541
293
8319
6928
9138
1593
1554
1602
869
5925
797
339
3434
1823
1996
8229
1917
6564
4295
7353
5229
9294
1365
1629
8984
2107
3664
67
5540
6878
2489
5279
288
1596
6643
3173
1953
5864
4880
4797
7273
8536
3439
8722
7767
7341
7550
2688
6769
7317
8739
5100
4583
9609
720
2150
7855
2475
704
2146
9854
1906
1470
5589
154
5539
26
5839
4665
2895
1371
6905
3029
9442
4131
9667
2722
1463
5605
5267
461
5649
3304
8493
3363
7368
1986
3378
4231
7155
2658
7867
8895
3461
4484
3936
4057
672
993
256
34
4747
8242
1758
2624
843
3104
3785
4141
5195
9559
7519
8792
4433
7344
6541
7595
5220
3863
1915
9672
4470
5804
4796
7001
7788
1578
4039
8308
5525
9877
9306
9367
5773
5740
6672
5989
6271
6205
4080
9042
4614
4800
9517
1448
2941
7408
1074
5516
4491
760
109
1670
4293
7779
2079
1182
3499
8529
7541
181
5038
9253
9891
3643
8938
5242
6880
5183
2648
4392
2981
8947
2212
26
1616
2085
2323
6918
4722
8371
3504
2034
7467
279
2393
4758
4184
5703
8209
4098
2870
4571
4656
984
1303
8423
5174
8299
411
6083
257
9953
7455
3880
6013
6728
189
4233
3949
7385
9957
1582
8766
2499
966
3408
206
1488
4140
6892
155
9482
911
3979
4876
366
8867
1374
5395
1405
4667
8867
6734
9244
9337
7643
9932
3772
3620
6900
6232
9858
42
9663
2843
2381
2412
7915
1666
2503
5999
72
5108
325
1351
2091
4450
7783
4523
6585
3003
2526
8114
1387
6183
8896
4653
7962
6531
6144
9440
9897
4415
8517
2218
7191
8249
4179
800
2165
5963
2861
8621
8972
7821
1151
13
1700
8889
6538
224
2441
3478
9625
7284
8659
7759
1279
902
2944
858
5424
4437
4846
3646
1036
564
8434
5050
2912
216
3369
4348
4856
9336
4164
1577
5266
187
3707
9003
1519
7419
2588
6469
7733
1596
5900
7396
2493
7449
764
5396
7747
4182
827
3367
4637
8863
765
7786
1908
6708
9611
1483
7521
3358
7806
2786
4667
3146
3944
1947
2098
5094
1803
6371
5592
5044
4559
3434
4713
3650
1685
6876
9816
4753
4396
7768
5134
7514
9121
4761
2000
6274
7262
2455
1085
8509
7353
2444
8523
8308
8837
3973
617
8447
8062
3974
9677
9939
3838
4671
8578
1336
7743
9954
6048
4979
6194
6053
312
667
5512
9566
2272
7216
5421
1726
2281
6492
3176
6653
7198
4133
6160
8860
7700
9361
2999
5468
1732
9416
3014
575
9871
621
7468
3751
8375
4219
4313
5128
9610
4572
8422
9572
6061
2666
5101
4313
6781
5326
8072
9145
786
8503
4608
5225
8963
4263
2684
4033
1555
4208
3394
3444
1923
2741
5269
3902
6765
5347
891
2632
3323
9442
4452
3793
4822
9962
8343
4181
9882
1441
7109
3201
3618
9241
7889
7589
9401
944
2359
1640
4350
9531
6158
1704
9001
5282
2227
6085
9344
2639
7953
1545
4534
3411
510
5013
4543
5064
3429
5862
7919
3046
1822
1427
7009
2548
8109
2989
8528
8430
9570
9494
4509
3859
3867
8373
7678
7441
1995
9089
8211
1474
5404
2363
1883
5281
974
8708
6732
2489
1209
8416
7253
9635
7565
6632
4699
7351
8629
3534
9908
8501
6580
6783
369
2780
703
8774
2680
4850
3392
3713
567
7878
2589
8690
4890
2279
4625
2274
735
655
8900
2616
132
4699
5152
2013
3087
4448
5171
2512
7942
1703
9054
1576
5430
8371
6248
4547
8238
2272
2320
977
9831
6503
5290
4050
6486
6289
7607
186
1892
1257
4019
8597
1305
7818
5443
68
7771
6829
1538
5270
9794
7947
2200
7089
2825
1458
8263
5879
7365
7977
705
899
8060
2288
8227
2163
9419
8655
1376
4582
1034
4122
88
3850
1884
1392
5395
1533
3620
5136
7921
6410
9929
2871
3551
7527
7950
5158
4742
18
3712
5165
6199
3016
1589
8147
1392
6876
5233
4000
5570
5105
5777
5591
9663
5000
495
8378
9015
5778
3319
1228
864
921
5787
8081
3929
4318
6875
2409
4164
8954
8626
6533
781
5966
8579
2088
805
7146
25
4167
8175
187
3540
2399
6920
4933
4929
36
5839
9113
9064
883
4964
7296
4584
4631
5053
5841
4776
5880
4987
2056
5583
2047
3190
8014
5281
8396
465
1847
2316
9709
6334
5673
2933
5885
1805
6000
7696
529
9631
291
8435
4729
9380
3742
8959
1344
4160
3557
2505
7648
3816
1368
9692
3075
7765
3254
1737
9215
4585
5171
4498
1046
8651
8374
4138
3470
1614
6380
2784
8108
3229
9107
2914
4415
3073
6003
1032
1843
5895
5403
1385
4650
5462
4409
7049
1808
8147
7587
4088
8667
5235
3459
1110
3287
7122
1684
1060
5433
1743
2804
5165
7538
891
276
2459
727
6555
8534
6441
6768
1758
7080
4495
91
1457
476
4242
2464
435
4862
7538
8631
4292
9816
6080
60
679
7215
331
182
368
6746
5714
4966
4886
3960
2409
4944
50
18
4955
6353
9899
3177
6320
9775
3375
4352
2709
1467
76
7242
5742
5673
2587
7604
5523
9317
4248
263
4294
4413
510
8664
2810
1041
7028
9068
3526
6832
9593
629
7766
1711
7270
2943
1571
3116
1973
4759
5726
306
6580
8944
3213
2171
9654
4963
2312
9438
6673
6436
7221
6754
8321
6748
6412
3963
258
790
2844
9905
9042
8373
3481
6739
8902
3138
5737
8092
6347
3445
3654
379
3701
1685
7885
3870
5748
4233
4161
7593
3934
3254
9130
2805
672
2142
6511
9170
5261
3222
2160
9211
5394
1528
7661
7113
4834
25
8381
4240
5894
8219
5815
4536
7792
6037
3114
9706
2554
9057
2479
2780
7343
8144
3111
6958
7410
3276
3130
2427
4237
6152
2171
7024
9038
2406
4347
379
3062
555
7707
5634
3159
8274
3749
3032
896
2386
3415
5783
6757
9397
7307
4611
4462
9585
6134
5300
3039
3272
8793
2804
227
9217
3433
4420
3166
6063
7585
463
1170
7745
534
5398
3004
2909
2576
2443
8172
270
7164
2886
5465
3308
7357
376
833
5620
7911
4002
2983
8598
8610
1927
2005
2850
8701
7940
4052
963
2821
6198
7390
9455
8987
2524
8177
9760
2708
7777
4904
7417
277
3882
237
3737
5677
6169
5286
6630
2940
8928
3202
3845
7404
8757
8419
9732
1037
5695
4100
1597
1943
8045
3491
4181
1107
3353
4234
8324
8188
4627
2436
9056
164
7000
400
7410
2861
2342
3394
4322
7708
592
9988
5072
7348
5881
1907
5719
4117
2189
1700
1782
2724
9682
1592
1717
663
9612
4956
58
2376
4992
9965
612
8606
7514
2959
8016
5439
2771
1925
7293
9783
5434
5521
338
3733
6338
6282
876
5916
2301
5341
5499
1578
3293
4423
5061
3925
2863
7765
985
576
2797
3667
5
1379
7390
8150
9603
96
9632
5273
5474
2138
3305
2483
6000
9345
2578
9145
7517
2704
2312
2727
1313
6289
7555
4038
6815
3254
9647
4881
5415
6886
4557
4771
207
6367
3611
7946
8866
7019
8888
10
7438
4221
7231
6839
5605
888
8510
6275
7008
6714
1428
250
3778
7323
3883
1436
9093
7998
7540
3875
3959
2766
502
3256
5352
8616
8273
5362
30
2235
4726
9445
757
1866
2336
7850
3415
9369
8660
2287
923
2111
1975
2835
7810
4493
4206
862
3125
2165
7241
5072
6365
9882
7105
1064
1902
103
9987
9483
520
1379
7867
8140
3191
8959
5791
6283
2408
3072
582
4396
2736
4862
9150
7362
8743
1230
4809
9400
4695
1725
3187
9287
5314
915
3671
2981
8606
4110
5299
8822
2024
7318
5228
3449
1414
8882
2108
6509
8144
1917
3461
3088
3659
4613
5410
585
4186
5012
2994
6236
3736
4493
2087
4963
1070
8636
2199
7379
8258
4003
815
3994
4146
3495
3130
1196
174
438
6567
4279
289
2905
2519
2247
9208
1858
2817
8149
8560
2224
3087
7314
9680
9339
171
5415
4204
2085
4382
2173
3657
9756
2513
5347
8974
3000
8030
8309
6596
3735
544
5693
4206
6722
239
3218
2220
3256
9551
7361
8402
3199
6226
6728
9884
3967
2157
2297
3565
2053
4742
9785
2265
8620
7596
274
8620
1643
8262
5199
3630
1287
6900
2887
5059
163
8151
5579
7547
4135
3332
6857
8633
4249
2255
1891
7654
1180
9619
8617
9619
7829
9429
6906
5129
4320
5368
2004
8983
5848
9046
5189
3445
8765
7508
3383
4892
5945
7386
7628
7672
2993
6997
6185
6268
2507
1897
2457
6722
8938
8328
217
9019
6059
2750
4315
3313
7437
6699
5000
4983
4767
2623
6050
7713
117
4614
3202
7577
682
4163
4518
5846
1343
4952
5061
20
4436
8024
3815
3769
1890
8713
1159
5030
3105
1517
4153
3203
3666
9697
9046
4549
3227
8696
8581
1732
9601
6174
8588
2683
7545
8978
6549
3889
938
7519
6779
2542
1757
2688
5065
8465
2293
7198
1628
6932
1692
3597
7972
8254
9491
8733
6863
8021
7018
1229
6454
881
3362
9187
755
697
453
6257
5814
1907
9039
541
7384
2672
8238
2027
1267
9401
4392
6069
6863
4232
9005
6538
4487
6920
3383
8737
119
1397
1085
2569
7937
18
9340
3640
137
8327
2712
7979
7080
3160
7744
3478
1911
2446
7257
6178
6235
2446
7559
5837
2725
4719
8683
8009
9249
3476
3358
7224
9734
560
8179
1427
7568
5176
1891
7563
4041
8699
9506
3299
1785
9048
1443
921
5330
1827
4082
7943
9118
2078
275
2401
8505
8746
4671
7773
6009
4153
7656
2277
4132
7606
9816
2462
7891
3938
9262
1559
3207
2030
4393
6607
5941
7269
2140
1403
2469
3913
330
9684
4102
9931
2815
9867
9146
5091
166
2441
2203
6486
3959
2247
3839
114
8285
4200
7914
666
5995
458
9997
1296
4937
6134
6864
5620
7973
2721
2733
2953
1936
9704
8515
5833
9203
4171
4553
6040
665
8503
6555
1494
8024
568
8240
6143
9181
3678
3176
5042
2842
4359
2253
7270
5147
6816
2614
9871
4269
2077
5630
5860
4009
2442
3595
8012
3795
4721
1628
2113
2945
6472
8705
1694
7990
9323
3489
164
2861
4883
6647
8903
4084
3665
739
3655
3043
5580
1759
7028
4614
4097
2082
2491
2273
5604
5988
5226
6328
1690
4168
1184
1826
8412
476
1378
1268
3341
7120
2249
3196
826
6889
2342
7589
5893
9901
6236
1863
8734
439
3197
4284
1805
6969
9091
8078
7970
5151
7080
1816
1676
8175
2347
7481
8822
7151
7646
3139
7772
6950
3565
638
4702
5771
8880
7505
463
9927
2788
381
6986
1457
9061
6812
7002
1701
6408
3877
9425
422
843
4646
1059
2060
1103
4266
4794
2220
943
1138
1272
8140
2678
1890
5144
1866
1197
209
6691
183
9176
5758
718
2495
2149
553
7525
2808
3880
9893
4411
2433
3937
349
4913
3377
5894
4705
5142
3746
7793
3281
2522
6801
8608
7019
2271
2042
4924
8296
3650
629
1889
2185
6519
6135
9130
9655
7550
8265
7227
9360
8563
9295
1507
6602
3023
2509
1347
2494
394
2275
912
278
3676
8152
9902
8703
7470
5335
7980
4346
6129
6880
8765
4754
3767
4698
2396
6344
1145
8855
5831
8614
6489
1859
7252
6633
3359
8969
9957
5228
888
3514
1305
6762
7063
7863
2391
292
1169
7903
1647
4969
7464
3447
189
2266
2863
1708
5420
4550
6013
810
5434
1489
3887
8520
9692
6086
8546
3441
3387
5533
2589
302
2878
4162
1761
8844
2390
6121
3141
3163
6203
2676
3264
2119
5421
8263
2642
9827
5285
1831
5046
154
1403
1385
9051
953
354
7813
8702
7110
834
6194
6835
236
9447
4443
9837
694
9925
6967
2513
752
6633
4517
6914
5514
7587
5355
7437
407
2510
798
6188
4162
8271
1155
8360
3679
3979
284
3198
2425
4039
8090
2538
2698
1762
8526
5208
976
5666
514
7163
3365
282
9125
8536
6583
4766
3333
4163
7235
409
5670
4776
6987
7599
7317
5262
8065
4473
5452
1931
3665
9616
9079
3300
7233
9781
8401
1859
6628
1446
2466
7370
7826
3526
7038
73
6473
8101
1903
9938
9454
5703
9704
7638
378
5849
7191
6350
4805
6067
3809
4298
7509
8066
8215
5498
9888
5047
674
3957
4801
6959
8480
193
2273
4502
6552
9461
4998
3984
7538
3415
7185
9785
7127
9759
236
2629
9016
1408
6352
5586
8751
6356
8064
8516
1145
7679
7628
994
6506
7863
9285
9630
7657
8485
4061
7982
9515
7123
3724
3431
4716
7399
1229
8588
4490
6916
1300
652
9721
7731
9370
6989
5460
4116
7847
1114
8047
9773
993
8516
1590
9757
2739
2228
6103
5163
7385
338
5425
8236
9166
9758
8560
2564
6332
7981
9176
9538
1339
5924
7869
9582
4271
7327
8364
8139
7315
7959
327
8976
1643
7185
3205
5488
745
5841
4666
1728
504
7351
6340
4334
8133
4465
73
3917
599
5969
8029
1256
9126
4184
4843
212
4370
2767
9136
2674
8825
7816
8251
3742
3926
5011
7106
9850
774
8466
1116
7328
600
5598
4775
4668
5690
9460
2420
1286
820
5067
361
3492
6447
9508
4308
2277
2091
8907
3995
4430
5995
8970
1098
5969
1445
1831
4415
2668
7864
4353
6262
5291
7418
7207
2575
1634
6966
6288
6617
6525
957
9734
9410
6402
8651
3544
2958
4448
2592
7133
1668
9323
2895
6000
1767
4422
4063
449
9675
4172
6814
6691
9734
2973
1098
7895
9108
9917
4603
3284
482
3892
667
4457
9024
9110
1127
2979
3878
1264
2931
2693
9231
28
5380
5124
4399
5849
2334
5356
428
7064
7899
5067
2687
2157
5496
3090
8692
3719
3973
6751
6962
5329
7242
3321
8601
8683
6968
4361
4269
7902
3975
9287
4510
8371
4443
5212
4861
1851
5991
5744
9704
3682
6006
2074
8110
259
6340
5818
4491
7568
3995
3854
3313
5393
5825
6528
4201
259
4985
5704
4632
1996
729
5057
1557
147
6045
6195
3950
1707
5491
9109
210
9923
7405
6978
6936
7800
2292
4934
957
4809
4744
810
8999
1203
2647
3869
4877
1569
4276
2413
478
9872
3027
6467
8836
5453
2218
6387
3683
5073
6475
3287
1982
8449
5465
9024
5126
5040
8952
4793
678
7662
4708
6180
3181
1216
5022
789
9326
4940
1139
7647
5418
9450
2255
9951
7799
673
3309
9271
211
3350
905
4566
2857
1502
2767
5023
944
2424
6640
4507
4937
4834
7844
9503
3981
4025
8352
8499
4149
651
7818
5539
8863
3845
16
7162
9780
5171
6895
2258
5797
5803
1867
6963
2206
9885
6085
537
4362
5688
3922
1229
221
9802
487
7910
5499
4689
3032
2819
2458
8327
6815
9272
4056
5485
8131
7824
1887
9022
9340
347
3475
5811
9312
9276
7811
3870
2907
8293
9527
2656
3222
4740
8130
4723
3814
9021
1921
8278
2064
2611
2861
9742
7449
98
5189
8696
1460
1424
4862
2769
9040
3238
7632
3727
9876
459
8519
7092
2479
4975
8711
9138
3799
7454
2905
7928
8988
5478
5714
7467
1074
679
4197
2876
1273
5862
458
3917
9369
893
3758
6447
3252
4106
3792
1066
6186
8330
4321
3232
7576
2123
5637
9134
5236
2059
6350
5443
9677
1207
3692
4381
8434
6434
5702
2841
2215
8134
8340
6776
1407
6479
7635
7260
3894
2715
8132
6334
6050
4792
6489
4096
8560
4471
7472
9855
3046
307
1413
5843
6746
4750
8164
5033
6461
9276
9619
8032
4238
5636
5562
2106
3022
7840
1944
3890
1439
1748
8903
249
2782
1546
4752
7057
5836
8370
2837
7594
691
6338
6830
5352
5741
6062
7781
7015
5523
2753
2822
214
5799
1307
469
8827
7861
3775
7314
7075
2833
5585
1723
2563
2258
4955
9998
1372
7723
4889
7908
7815
6175
1489
4106
4450
2280
3094
1735
4477
9267
5873
9109
4698
2153
9835
6737
3785
5327
2110
2746
707
221
2053
2892
9851
9663
8859
4691
7844
4734
7194
1226
1266
288
7290
6168
4636
7308
5113
444
7386
6155
9764
7698
6058
5059
4874
6893
1566
9558
7921
410
9958
4799
2456
7404
6571
8337
3303
6233
3902
9556
419
6509
6064
5179
414
7016
4661
5609
8845
8430
9552
1309
2819
3544
7478
4819
3787
2742
7034
9872
3107
3493
6882
1722
4658
2623
5755
2059
189
3780
5820
1185
2031
9352
7204
3154
642
3717
4163
6971
3442
2076
3780
1701
1849
7558
8859
4939
5918
7682
6357
507
7416
5986
425
7947
8460
3836
9665
8006
1666
8316
2123
4301
1999
7154
1923
9888
9212
5220
7591
4432
5497
2041
6887
6532
9356
2728
901
1258
732
7922
8057
7504
1080
4907
7704
9901
3234
5042
2139
4213
3704
5575
5778
1106
6369
668
6855
4015
7196
2469
4004
752
126
5282
1095
9151
4396
9769
4748
517
5493
5598
8812
4603
418
853
319
5977
8470
6043
7701
1280
3049
480
3722
586
4507
2097
6519
6903
4844
3515
1525
7342
660
3234
2917
1002
8409
6968
2532
7645
8157
5698
5227
4812
1424
8859
2997
651
5340
8313
4567
2815
7197
9172
3876
7369
2798
5045
1013
6659
2066
7646
360
8487
1479
7527
8661
8782
2551
3628
676
7378
6631
6595
3212
9418
4378
7274
2641
540
3197
5950
2198
60
8664
8605
9
2990
5756
4787
111
3527
455
6251
1118
3656
9544
3810
9306
7791
5335
8966
5800
8298
4895
1088
6708
99
9023
5798
2638
8434
8267
1957
3066
2036
345
6657
448
7295
7557
9341
8991
7167
8746
5727
1370
9881
2359
6684
3483
4419
8343
2924
5708
3940
9118
3745
8445
1668
4352
8140
1674
7426
2662
9337
904
1002
76
2900
9420
9373
4154
9052
2868
3432
2010
5785
9119
4840
4666
7405
6699
4771
7174
7054
2404
9542
5217
6527
8198
7260
9053
2501
1188
9234
8147
8652
5950
6216
1082
7645
5258
3212
8425
7547
9580
6565
1886
4187
8304
8068
3840
8284
8811
4249
538
7024
3317
3424
1574
3088
7806
86
2994
2418
7757
1061
785
7581
8492
3853
2652
6701
2083
6814
3107
9153
4039
1244
3981
414
7061
9723
5333
8070
1141
3336
5358
9856
7123
3251
2832
9251
4704
3253
9469
5170
9361
9021
5176
3421
8512
6539
38
8411
5045
6296
9715
3541
3406
851
384
2147
6725
6444
2958
6228
3842
5329
5662
8405
1762
7425
6272
1596
4069
3665
5161
3954
1745
7715
7822
5978
1968
2296
7647
1027
2342
4619
2546
8440
4015
1514
5971
9359
5865
5756
4787
1449
7883
6237
6021
1711
2915
3758
1299
8458
2617
5703
396
9888
451
449
5916
3273
2254
3684
7500
4784
9988
3165
9119
9856
3069
2926
3915
8699
8516
7848
7258
3960
1791
3065
6464
6131
924
5203
7993
7953
3132
8635
1150
5944
1553
9550
3551
5935
9796
5966
8676
6714
1491
5433
4351
6399
8038
7353
7150
4340
4600
2854
3892
1350
5372
2630
5181
6696
5523
187
8876
4869
6949
8280
2606
3914
3581
5841
1349
1045
4500
2213
6498
7575
159
6398
8143
5550
2237
133
8590
7077
6843
1427
9157
7040
5674
4146
3028
2263
9188
1488
3436
876
5696
6175
1851
7429
9350
988
4098
1953
5226
8667
5569
6644
7027
44
5393
4037
5527
7662
5590
3419
5456
7376
234
4009
410
3057
4169
524
7718
9052
1152
8221
1997
7147
5321
2550
393
1048
6698
2251
4647
4992
9130
9981
1017
9437
7561
408
3095
6609
6171
749
1388
990
1792
8383
5242
1954
8916
5979
5902
9852
6117
8585
9724
3616
1993
1300
4057
1759
938
7221
4056
5983
8618
1091
3738
9482
4815
377
3248
8189
5657
3094
526
5703
5642
3327
941
2431
6124
7154
3219
4578
1943
4137
7704
3928
6614
8206
4365
7516
4141
3098
5739
5031
967
4654
487
568
8668
5808
3358
9110
3341
8253
9988
4977
89
3030
2113
7196
2367
1249
9803
907
7296
6884
5711
7692
6275
7314
8890
7381
1093
6753
451
7759
2567
9365
4168
8258
6210
928
4280
7983
3842
5819
7943
3123
5677
6855
4767
5993
5608
2338
499
6812
8926
8686
1346
6796
3772
2878
5668
1880
5063
6830
1854
92
9446
5791
8938
1995
7714
1555
4257
3740
2097
216
4037
1720
2312
1864
8672
8104
2642
4394
4798
3984
6423
8482
8067
5642
4270
495
7805
313
7751
9052
5357
4281
2036
2490
2936
2722
814
6398
5545
5427
4407
2787
9792
1550
4738
1113
2919
5978
7970
3039
539
1508
5324
2070
8218
9952
3175
5180
7948
27
5823
4948
8710
9418
1252
1573
2631
8530
4068
2798
1272
8550
8490
3114
2999
260
6814
9383
5576
8585
6564
2630
6859
8960
8265
7019
394
2623
7594
5521
374
2671
867
8774
897
7628
9284
9112
3752
8911
8915
3699
3389
4166
8303
3598
2573
4854
7061
9211
5716
4883
4355
6916
806
2774
1983
6669
9148
6035
4715
1836
4073
6780
3613
896
6563
1103
4382
6368
1441
7979
9224
5397
1679
4528
2954
6736
4695
979
8039
980
4601
984
5015
8854
7227
6694
3560
6979
1737
8221
8660
3058
92
929
6278
7048
698
6453
6922
4292
9839
4345
2090
3532
122
5116
5842
8670
1883
7600
4430
5933
2875
8130
1682
6324
8714
4279
7954
4811
3669
2163
9122
3713
7624
7346
3375
2424
5200
2362
6625
9973
7781
5425
3252
5375
1088
8615
2362
3607
4156
5029
3114
8785
8304
8610
5000
5696
1333
9814
7668
1205
6996
1033
6831
4453
4834
7117
6738
8447
9659
6396
4881
4881
5649
2837
1432
4812
6858
4901
7044
9036
2353
9877
4557
7988
3502
7220
3097
2373
5430
8531
6678
1742
1713
201
928
599
4455
6646
1605
9398
1993
4270
3678
7162
8896
7585
8267
7519
5354
4618
245
4060
8176
2235
8521
834
7189
549
8002
8106
6076
876
5778
8946
8418
6537
5760
318
8578
9004
1933
1733
4590
5445
7303
414
453
6915
8257
8041
8720
1352
1356
5041
7395
5936
8404
8966
8545
2969
2307
3689
1556
5484
6451
1497
9830
7654
2738
1601
8450
2933
9797
5627
902
1146
1738
3180
1375
3802
6737
7540
5495
1824
5493
7275
6607
202
8219
6376
8906
4530
3477
2198
601
3156
2020
4468
7939
4184
6674
3712
5714
4318
1160
1258
8655
2095
8460
5710
9705
4497
1726
8130
7524
4403
2637
4698
6117
3428
6794
1831
8553
1072
5655
2512
65
164
8610
148
8078
5428
7967
12
4350
2446
6824
5714
4366
9167
3328
8123
594
1139
9757
2946
2057
9875
8
9954
9798
4727
2139
3066
8709
2529
8624
2854
6761
6078
1541
5257
3697
1275
7235
5055
2075
2183
7063
1050
4540
7339
2291
6995
2691
7957
5624
4504
180
6844
7557
4360
802
6191
8147
6343
5686
1434
6913
4583
2420
7842
4664
9276
4081
3886
5513
7474
7426
1244
8977
6598
2363
9266
792
1590
3788
3204
9995
849
4231
4562
3627
8156
3881
2452
9356
2362
2652
5239
4623
8405
7425
9320
4807
8247
9201
1354
3881
4469
6734
5813
250
3549
8307
7612
4615
5042
50
1876
1630
2392
1310
9425
7776
7476
1452
2184
817
9541
7877
7997
9122
9330
8375
1514
8734
506
1233
1328
5000
3144
9490
7534
677
3848
2942
707
4799
6508
5556
6498
9460
5922
8229
8388
1175
5325
1727
358
4556
3957
1450
4536
527
2774
5626
5238
5861
4901
1757
6114
338
4017
1331
9003
4739
6982
909
5740
6075
1977
651
268
3997
5401
6875
7050
1201
5922
4933
5974
1660
4899
1295
7109
59
1897
2510
3658
6149
5117
6727
7472
5455
6809
5856
5458
4960
8015
4322
5671
7176
2881
6173
7034
238
3104
9880
9911
7984
5371
7015
1551
4383
2121
1832
5667
7793
530
6036
796
5029
2372
1770
1495
2521
6354
6754
1894
5026
9001
7932
3261
8304
9932
5110
7053
7088
4460
369
1045
7515
8875
7244
2946
1
851
5576
2309
5943
3927
6768
2755
3347
1659
2496
3045
6327
4441
7666
4759
3044
4276
7263
1352
8622
5369
8321
9142
7092
820
6482
3410
6242
8393
4116
5777
9801
3682
7574
7872
8286
832
1430
3893
5991
8215
2705
5663
1501
1841
7919
8209
8596
526
4952
9385
7612
4633
3307
8335
3408
7331
1400
4881
8330
6623
6194
1348
2588
9433
231
4664
7643
766
1901
9476
9588
9637
5392
8321
9561
9094
3504
5997
3581
6456
8251
4045
2740
6905
4663
1349
7988
6442
3879
9531
6434
451
9046
2648
7710
9498
3417
770
3412
4637
8861
5199
9577
7052
8291
5705
1185
9644
2575
7594
562
1540
279
5156
6985
9160
746
2239
1258
8672
1490
6471
5798
2388
4773
9706
8572
9469
2918
9034
9996
6211
1207
5630
3659
918
3794
2976
456
7408
744
9358
2896
8064
5091
2960
8242
4295
9169
6108
6142
1220
1343
3533
6395
5511
7017
9835
8332
2460
15
2677
9226
6485
6898
2702
9050
959
3584
6227
7944
9351
2468
9548
695
8870
2824
774
9486
7566
2429
5218
9080
4176
7201
4887
1332
3593
9828
1712
196
4375
7193
8563
8152
9107
4842
609
4732
1989
2513
3261
9505
2453
5257
3052
3780
7029
455
6724
9606
3129
2112
3429
6619
828
9458
5548
2075
1422
6081
6624
426
6915
6931
5479
3826
5182
4275
4963
3639
5432
4298
1190
7532
9245
9905
3702
9245
496
174
4999
1613
4087
6053
1949
8761
565
8285
3205
5562
504
5278
286
4223
65
1451
3736
760
3590
3959
7643
270
6288
5931
9383
5770
8597
4335
7445
4300
7781
8319
5959
9913
2363
8522
8991
3994
7159
1135
2631
7422
7654
8728
838
7856
3599
3579
5507
4781
2306
3815
7146
3401
1841
3432
2614
6253
4433
8129
6053
8463
344
7252
6155
8454
7311
5271
824
1238
6472
5190
8023
9816
9576
2638
4882
8034
7022
2928
6316
4199
6036
8795
8311
1736
3971
2880
8999
8425
5504
2069
89
6752
4466
3232
6185
4299
6483
6108
2152
4931
4901
3242
4161
9287
7479
3941
8872
8910
9081
5381
5186
1344
4361
6100
3507
5924
6368
890
3532
4207
9886
6376
6188
1087
7084
2373
9347
2277
1880
2736
6438
96
3023
7951
1649
9719
5267
1458
3191
3898
9566
4927
8769
6746
650
241
705
3678
8655
1764
1556
8364
9132
3445
5605
2251
107
6230
2758
3534
5335
6978
3809
8739
4646
7708
2749
352
7272
6970
2456
3958
9562
2312
538
3606
4896
9408
4649
1477
8555
6126
8758
8329
6890
8227
9587
1581
9340
5057
4754
3219
6992
4514
5379
3262
7949
7644
6611
2024
9256
246
416
7417
9289
5479
1684
9627
4549
2393
468
3825
5430
3419
5446
6779
2369
4793
9854
7810
8887
6176
9219
5134
4024
5994
5519
8897
2577
618
8729
7946
1525
404
4034
9624
2957
9624
6544
8310
6706
8342
13
7963
944
6394
7626
4716
5343
9682
9749
5135
5055
4158
4524
1993
381
5365
7832
2341
1814
9891
5128
8312
8785
4597
8785
5484
5612
9152
1896
668
3558
130
3496
9358
3526
8587
6814
8596
4361
2119
5797
4727
5315
6263
6239
1629
8990
2817
9099
9680
5496
2139
6126
8793
5223
4397
8882
4025
6387
7225
2429
1987
8470
9658
3642
3724
3657
7584
7470
2848
5863
8418
9821
1569
3373
5897
5938
3069
2770
7542
3382
9598
2857
7081
2720
536
1491
8884
3373
5146
5560
1922
8627
904
8932
5140
7475
5630
7003
2336
8775
1443
4383
9186
1300
9765
1731
1835
4546
2164
3321
4482
5191
7296
5389
9334
6216
9883
4564
8312
4720
5674
8152
3804
5300
4200
743
4841
5474
6841
5150
8945
7280
6602
9239
4750
508
1396
192
113
2481
4623
8518
2222
8324
5606
3470
5960
6392
1466
5084
6154
8515
4149
2690
3752
277
3157
2612
7787
6560
3420
7533
5337
381
518
6550
7256
3340
8251
1591
5409
8746
951
9449
4643
5104
2828
7099
2405
9731
5581
6146
7744
7424
9723
4117
2175
4088
7566
1305
4219
1347
3551
2136
9695
3703
1107
4562
53
8063
3221
2218
4411
1906
2403
719
6052
4897
3060
2217
2695
7211
7580
687
770
1855
1454
1306
7673
5310
5916
6328
8363
2439
8322
1691
8271
2926
3096
4629
7921
728
8828
3601
2294
7976
1829
8290
580
2349
4340
6984
1497
6189
5639
3395
2822
3063
5588
8962
9681
8683
9858
8794
9812
9128
6227
9910
7868
7686
1554
2373
3582
1840
6695
6532
3434
7934
8442
9402
4398
9112
8822
3317
1669
3294
1998
1655
2780
3570
1127
1517
2082
1237
7605
7341
939
560
4288
9160
6898
8470
8581
2803
6023
7036
8709
472
6678
9780
6534
1725
6826
2081
9301
3859
2164
236
7154
1138
4816
1427
6588
4384
9617
1422
4465
9086
5253
7006
9444
7288
5745
7594
1741
8308
4506
4720
3969
5681
5726
5400
5955
2342
240
3112
9655
9001
5150
836
9135
6249
4710
2128
4204
1719
5284
6634
4605
9714
7749
6024
1959
213
6947
3506
7849
6332
4807
790
8258
4536
8112
5959
959
9028
6061
4690
7294
6321
7578
5601
4795
679
4742
6351
3940
7128
9163
1137
5391
9652
2983
7547
6667
2016
4391
4369
2924
239
2692
344
1544
2211
9498
742
7789
661
2509
3482
8640
5617
6551
8485
9356
7606
5079
1789
4653
551
1362
6134
3426
9426
2410
1352
4046
33
1419
4116
7161
2542
3529
2908
699
2966
1929
1984
7796
757
9789
7232
3189
2372
1326
7714
1385
844
6342
8130
5698
2284
2276
4591
2125
310
5944
1151
2973
6942
2566
5220
3783
8682
3093
1208
6283
493
8837
5503
3622
1690
8007
7096
3266
8005
1570
5772
9607
9459
6950
7251
745
1293
5619
8768
4636
1355
7504
1863
3311
1661
1413
6711
1483
8178
4538
465
4161
9669
7471
9585
9303
8762
1949
628
644
6211
9250
9760
2535
6718
7665
9649
8161
3877
3417
9538
4722
4074
3476
1719
1235
8457
1770
6074
9397
2009
3882
7879
9781
3224
5900
9391
7848
8288
9908
1076
9389
731
8361
23
8053
6433
2050
4015
4668
269
7903
382
6844
2717
8962
1059
2310
6430
527
8955
420
5737
5401
8278
6699
7477
4515
6909
5734
7183
2899
7615
7530
4797
8552
2488
385
2633
1486
2852
5864
8036
7851
2955
3965
641
9269
5313
2824
7235
2463
4830
2118
144
6708
8417
1707
7861
6370
1367
2235
189
949
2215
3632
1551
7896
4523
7893
6868
8620
6218
3593
3001
8064
1056
5705
1909
679
9928
2342
244
6842
7755
456
969
869
1517
3368
6461
1162
4288
6287
9991
7427
50
9363
5980
115
1509
8792
7283
7797
114
6368
2707
9717
512
9280
4502
2213
6503
8332
9105
6833
7587
2225
2081
8464
698
2382
9852
6370
9329
2452
6640
4550
877
1979
1352
9986
2699
8985
3145
4701
9572
1499
3973
8031
2332
4726
9723
7895
1682
363
6554
6533
6935
5850
273
8156
3792
6563
6918
9471
8697
6470
8941
7351
439
4419
9780
4143
5640
3013
9714
1248
2884
5116
6268
2891
8746
9006
4911
1361
2858
3324
4456
983
7312
453
3731
5958
3742
1602
8796
1521
1921
2438
7176
4879
3168
4762
744
6832
1988
7579
8068
5293
4891
7839
1375
8022
7960
3786
5696
8492
8031
6983
8229
7837
5288
9609
6531
3835
2398
9651
2176
9311
801
1587
6471
1906
9077
4854
8134
757
6523
3092
859
5542
855
3534
4215
7906
6882
3857
9235
8088
1428
9622
755
8205
7593
994
2062
85
603
4277
3291
7077
1355
1511
9681
4045
6532
9452
9559
219
2249
3821
4463
8745
3874
1786
6882
4086
9023
3539
2696
7775
7911
3815
4086
7971
7206
1315
9187
620
2612
4802
3994
2572
5714
1311
9519
5482
2865
1285
7952
8436
1623
9779
5978
2441
2039
6129
1594
4207
3185
4266
7237
5403
5485
7863
8749
6465
7704
6899
116
7687
2377
5307
1972
1346
369
8111
7858
1800
7333
4090
1150
1718
9256
337
8848
5098
7946
838
6709
2514
1701
9529
671
1922
3824
387
2822
4790
9757
1975
2428
2797
9318
2758
3149
7382
168
5507
5537
464
319
1741
5234
1656
7061
9556
8077
9231
6099
2538
1162
9122
3676
5308
3567
4524
7258
5244
8897
7642
985
5817
2728
2961
6598
5085
7983
1209
8582
875
5109
9184
64
5231
8369
8316
1980
2750
9281
685
2238
9523
4127
7803
8482
5844
7675
6725
9116
5887
8939
8522
8316
3347
1151
7956
5030
4267
2915
7803
9609
3555
8672
150
3275
8341
8141
1150
802
4535
8759
8448
7825
293
830
8790
6762
2354
9299
2623
7687
9623
2184
5895
7343
5410
1364
7487
9163
2692
6239
4638
4535
6840
8245
5091
9769
81
4750
2271
4518
3480
3032
7281
1438
7950
9530
7855
3995
986
6873
2951
2909
1363
7123
9890
77
2088
9393
167
9598
9603
5333
968
7397
8992
2396
9555
3132
8703
3343
3063
9848
5179
5449
9923
6910
1839
4631
7258
5376
6071
2859
444
6699
6807
3359
5185
773
1181
448
1750
8021
1760
157
7069
2971
4104
8729
8134
1588
9057
1507
2993
2803
411
5637
929
1780
7352
985
528
710
663
8233
7180
3955
3452
6643
1607
7067
1148
1042
2320
9250
1882
9999
8156
3916
8256
8386
3281
451
2580
8666
19
5618
1895
183
951
3600
1614
6511
9048
257
4716
8309
4459
5406
9547
6434
8240
9187
3462
689
1190
7906
705
3428
1052
7578
2996
7728
6996
8313
5298
2620
201
5943
3953
3728
338
6380
794
638
4001
4784
9439
3485
2282
4628
5786
4793
1361
9710
6608
5179
8932
2097
2314
5911
9895
2129
9480
931
9783
6558
3389
8115
7497
8733
3478
7532
4442
6451
7951
3018
9273
8567
4106
3496
2805
377
9460
1546
9717
3439
1743
1728
1420
6861
6693
1317
7710
4752
1557
547
7539
8944
533
1673
8199
7677
1057
8132
8792
1235
8454
4792
7940
884
6960
5510
1507
8483
2183
2104
7413
2162
5746
5995
43
3563
2860
4051
2725
7924
1213
5529
4162
7695
7688
1776
9867
7454
2268
7977
2831
8944
8758
6339
5628
1426
9382
8096
5423
3909
9287
8331
7749
8211
3883
6187
166
8659
6813
4628
3734
8767
6422
6992
6992
3072
6407
744
3790
6177
5173
6901
4173
3240
4180
492
8591
7076
7650
6867
3451
5648
4063
4379
9733
188
3521
3057
8373
9568
8047
9890
6907
9631
7134
2383
7579
8696
8928
9206
5499
5943
3033
2912
6870
1083
7928
8358
7623
4674
6813
5233
7399
9729
9676
511
1307
1232
8392
5869
3358
7397
1213
449
2561
3793
5142
5162
1162
8746
6913
4428
155
9351
7213
2857
561
4648
8574
3568
99
7036
6011
586
9620
9852
2399
752
176
9056
5618
460
8475
63
744
5153
7105
1003
5763
6064
613
4595
9067
1620
7633
4567
1182
8991
7847
8926
8091
2603
193
9163
6083
5006
9136
6053
6211
7209
3729
6814
6862
5147
4664
1224
7275
6364
2197
2030
6719
9406
1174
6480
5157
3449
1826
4545
7952
2782
7344
4874
8206
5311
9917
6853
9370
2155
2869
5277
1489
8605
28
5334
1336
4596
8640
3397
9263
7233
881
8913
8419
8213
1651
427
2178
9566
2756
7313
3854
4278
5926
6258
302
7203
7229
4202
8648
6728
5317
4959
8627
1303
2832
8940
4413
8916
6505
8761
6700
9500
5054
6399
481
5164
9968
1866
1278
5996
1397
8400
5062
2486
9973
5676
2664
3490
9008
304
1392
651
866
5717
8915
7493
6670
1201
3898
8326
4686
9866
2600
5623
0
2114
261
9154
2802
9160
4391
2833
9353
1463
2486
9108
6408
9362
2873
9825
6311
1628
1031
5605
3184
7585
2780
2349
4377
4815
9729
667
4059
9386
2669
9190
7260
7485
4668
4228
9084
3716
8484
9928
1153
1737
8339
5519
9864
5865
1320
1922
3126
3219
1481
5831
3735
592
3586
8438
5901
7679
823
9300
6734
7191
125
3693
9773
94
6115
2638
3427
2226
9801
383
8289
8697
972
8462
7385
9035
7453
314
9578
1815
9782
7410
5853
6006
132
9488
4314
7156
1851
2340
455
5785
2127
9918
8183
8026
6100
3800
824
458
8410
6527
7905
5108
8757
7781
9691
7984
7910
6291
1529
4608
5184
6501
4875
9850
3535
2056
1502
8309
5005
5717
2816
7910
8197
411
1772
8757
2059
7678
1964
6120
7071
7735
2027
4689
9723
2798
664
871
4436
1329
6911
1651
9090
9464
6032
4412
6393
8769
1086
6943
5124
2130
1768
2342
3125
5789
2604
1944
5481
1755
1930
6274
134
8376
9278
8988
37
275
9394
8194
5405
8002
3770
5369
3148
187
9539
1755
9862
6920
2396
1645
3005
4373
6594
7665
6587
4370
5806
316
3480
783
2259
8673
5700
1764
6224
6464
6952
6800
4982
8279
4283
509
6407
3413
9986
3847
5857
868
9584
752
6903
5587
2584
108
8312
3894
8422
7563
5577
2417
6876
397
1423
5612
388
2012
8128
6771
1809
2096
165
2163
4362
9626
3900
4960
9533
914
9891
7041
8631
3056
1394
5602
8953
6308
2245
6524
2251
165
1047
2039
1049
9419
6607
1321
535
9417
9223
2954
3973
4528
6103
1529
795
5665
2665
6288
808
8081
1204
7289
7615
4624
9216
739
2713
9823
21
7920
264
6677
6205
4567
569
4470
2587
1224
7996
4624
141
2309
1706
4916
6601
132
7535
4968
9856
6448
7964
9706
2959
9731
6440
627
3330
751
5824
1653
3514
2045
3095
1089
5682
1605
2667
4722
497
9959
713
1374
4689
6969
5544
4186
5505
8552
7797
718
4653
8169
1376
6365
5996
5210
3220
3565
7056
6542
9653
2884
2745
5237
7171
7952
5710
2255
6746
5606
5236
4634
9888
4357
5236
7911
4605
8048
3372
6059
5986
7112
9493
8451
9747
25
340
2808
2624
2394
9652
7209
2967
1685
5754
4265
8074
4886
7631
5271
9046
616
2410
5101
1598
2728
7544
6370
540
3034
7912
9263
1413
1515
5483
9570
3747
9556
1175
445
6233
3594
3605
4185
1165
9438
9516
8623
3149
7039
7921
9633
6423
1175
4297
4458
1432
8952
3906
1581
7561
6888
7021
3038
7310
5851
1121
9623
7326
5120
5075
812
4356
329
2443
6047
5352
8286
2018
4335
1874
6992
8160
6046
8553
6284
1955
9964
687
9818
4543
5425
7035
6486
9202
3337
7801
1699
9782
3893
6855
1035
9104
735
7508
9999
2581
4194
8794
2066
7629
2018
9428
2777
9041
8911
540
6276
5518
5282
7905
5962
5350
9908
1105
7543
2231
4166
8682
5345
3545
3529
4817
6562
780
4069
5178
5746
6178
1117
1584
1820
7225
8177
7617
6617
6791
6629
5166
2811
6770
1848
3355
6936
746
3974
1549
2320
8970
1800
6422
9782
431
9333
2034
2817
2720
154
1868
5805
2441
5363
4174
657
5825
1960
2969
4266
9445
3318
3896
2356
943
2033
269
6559
599
615
3297
2620
9536
5998
2541
2505
1456
9585
7899
3869
5499
2410
1012
1585
1182
3911
4189
9338
6029
4581
4007
5241
5148
5732
4723
7471
7949
6628
4463
9324
1990
5006
659
1552
6679
3281
450
1685
1010
9764
3460
6328
8681
8900
1998
9718
6165
9863
2264
1360
5584
9555
5609
7203
15
7508
1540
2463
4240
712
3359
8545
9600
3945
6896
6003
4968
1213
1388
4834
7246
7822
7684
9112
5973
7992
8804
1117
3399
866
2575
529
7012
4316
7457
2035
6605
7345
5652
3781
5721
2746
7199
3646
2967
7832
489
577
3861
6481
4705
6030
2559
9520
4025
3197
8812
4294
3475
8109
7442
9208
8761
9218
3105
5136
1569
9243
4038
3349
8526
9054
8898
5715
7586
2746
8083
4939
139
3776
4132
5979
5119
1100
7611
8649
2075
21
8474
9956
1795
673
8867
8573
4308
1638
4796
3671
7786
9457
9058
2186
4765
4968
1545
4676
7299
1368
4217
5118
428
8272
6444
4701
4502
2242
7302
6559
9094
49
5229
1808
6418
1541
2224
8250
8980
8387
1816
7179
1485
6827
7224
525
189
4011
478
3206
3146
5617
6628
6095
4831
3958
5321
4986
5106
2722
994
2256
8485
7424
906
199
8784
2890
6029
363
3456
1410
4943
9224
6286
3156
1322
4346
1098
1258
9244
2589
2111
2723
7781
6892
4608
5689
4131
4852
653
6264
7415
6866
2082
6792
3577
5899
6696
2687
4225
153
5182
8453
8064
5592
131
8377
377
6734
420
6134
9224
1103
8180
4515
7987
1187
1810
2404
1400
7873
5584
9612
5902
8399
3309
685
5155
3709
2097
2828
6850
5008
9068
3701
5497
2247
4452
5723
3194
8076
371
2049
6070
3688
7719
3679
7524
1632
473
296
1622
3657
5879
2461
154
1026
7706
6734
5252
150
8958
7768
9268
9261
8376
3094
8009
6529
5021
1056
5632
1423
8496
4054
265
3111
2418
9545
2580
2626
5914
7617
6655
5350
8875
8350
4801
6425
1166
1682
25
3888
2949
5480
8009
991
9672
567
6408
6909
4916
2978
8370
7847
6202
1553
1189
1544
3979
1781
3977
4193
5298
9313
1405
9034
3343
9620
9919
9252
501
7916
3168
575
3348
4909
8051
6449
8066
4825
7807
6366
9713
1025
2411
9192
2071
8644
6857
9359
8676
710
2675
9407
8440
3619
5798
1469
9596
8598
8030
8696
8581
7777
1533
6756
4266
7183
2986
1037
8562
7881
7278
3211
8279
5485
553
724
9984
5134
1986
4738
3548
7819
4818
3637
3056
2258
4245
9462
4016
7005
6911
412
723
7438
1144
2815
1664
2969
1875
6532
5759
3829
2294
7846
723
2761
1387
583
4334
4934
8107
9015
7160
6505
3611
8424
1187
9413
437
2583
1998
7209
3096
4569
9066
2617
3680
1391
2038
5085
5525
2172
5900
3679
1944
2298
2633
4247
1708
2630
5248
8899
7514
1370
4026
6536
2774
6940
8094
8506
9624
1083
968
4034
9386
6295
4740
7894
6628
4286
1261
7619
1453
4644
1913
4836
3540
2328
8725
184
4390
2310
6936
7869
7489
3131
5294
899
517
3090
9539
9189
1469
1826
3934
7766
7592
7231
4843
3808
6299
9739
4163
7427
7014
8892
3652
6318
307
2532
9989
3535
9704
7294
803
2873
8108
9602
2383
7029
286
9765
4501
1794
5524
3716
1504
1523
7717
6352
1081
4280
3667
2502
7055
3522
2100
4165
3789
9410
9689
8882
4739
8825
5327
782
9374
848
6377
180
9828
8595
237
8487
362
9562
4274
6982
1588
302
1698
3079
5878
1999
8066
4209
532
8009
3738
5283
2545
2360
6777
7774
1521
4967
7206
1301
8091
2644
2358
4915
738
4728
5429
7834
416
2289
7368
2473
4931
8408
3225
596
1727
5761
7461
2743
6496
4610
8496
2792
327
8616
5177
4674
123
2553
2681
557
2265
1034
156
2067
9522
3765
3814
4322
9126
802
7353
7381
855
2648
9108
2736
6449
3112
1043
9111
9810
9368
7963
6847
4327
979
4903
4167
7477
6056
52
1913
6007
3972
6884
6460
4465
4706
338
1013
8954
2254
2488
6372
6156
425
7401
1778
6075
3055
6154
768
1930
8090
3046
7388
1822
2153
7258
2830
5891
7094
2120
3107
5785
1254
1735
4304
327
8429
8375
9191
6542
9061
1687
1588
431
1684
2814
29
6995
8031
5694
603
9961
2686
1090
4422
3262
4575
9011
9661
8010
4831
6689
6934
540
6186
7947
6887
5138
8943
8371
7389
6640
7942
6791
4738
233
1789
9490
4484
7950
8880
9583
4800
6616
8292
7490
6939
733
9636
175
4438
4578
7689
3560
5896
872
2865
4765
529
6922
293
5914
3513
2940
2977
7090
937
1742
3816
8429
223
8285
6018
5335
7598
6237
2559
8391
6538
4233
8833
124
7998
7550
9948
1249
408
6419
3625
8227
5701
8249
4688
9001
6122
1109
8269
9806
4237
164
1533
3295
9359
4144
6178
3926
8886
6106
833
6547
6765
244
5227
1804
6928
4663
2253
5805
6498
5201
2584
4569
5662
5549
1868
7776
3710
6643
4777
1429
234
1535
5553
9036
184
6017
180
6179
5613
3600
3258
5385
1756
7110
5038
176
2297
8626
4826
6955
5503
9307
7083
31
8723
6239
8922
1190
6262
9874
8077
7137
353
6510
1531
9922
5553
566
1928
6699
3394
7806
9527
6774
9085
9557
1225
632
1063
6218
4337
1293
3523
7828
9345
2500
6251
2505
8981
4245
6680
9885
9003
1389
2427
9494
333
3957
8454
2435
381
9952
6056
7871
3152
2362
5945
6082
2555
7992
9837
1662
1794
6791
4528
3409
5920
1156
8097
8519
8729
1175
8054
3182
8398
6052
1871
343
106
3379
9021
1061
3276
7232
3292
737
5923
867
8432
2945
6629
4504
9313
9154
2698
4794
9623
1493
4435
658
841
4312
632
9044
4736
109
6547
6731
9563
5411
7965
2716
545
8778
6707
1144
6163
8378
4103
7519
7060
6525
8145
8471
4057
5897
1000
8282
6662
9719
9669
749
2710
1493
4764
9297
4899
9542
3178
1726
8036
2049
1386
4466
2981
3086
9474
3249
5228
4393
4356
5587
2536
1004
3616
3164
1763
6072
2706
7056
7276
3131
3723
3784
7122
2319
7039
591
7727
2375
1955
8589
4241
1652
403
2233
3623
6222
2377
1875
1618
7632
2137
2110
7243
1416
9
9030
7612
9870
5527
194
2535
1732
7513
6663
5687
1469
9290
6079
6783
9071
6764
4570
8848
2782
7941
8949
1197
4770
8060
5158
2256
6462
8389
9797
8562
6154
5101
8744
7986
4156
8616
9208
6008
8886
6909
4198
5149
3048
3663
9321
7708
230
3501
5938
1757
386
9339
7525
5752
4062
4935
8398
3495
5471
7196
8473
6915
8905
5476
1457
9808
8668
971
2797
3491
9338
9483
7771
7715
8991
8540
8991
5268
9475
5927
9221
7290
9259
1403
744
293
3385
8539
155
4859
359
4959
5450
5231
5956
3821
9701
5285
9919
5374
7823
6990
1227
6371
1740
83
9850
1925
7201
8498
6959
6888
6420
996
2821
1033
3442
5369
2641
8043
9335
955
3677
5997
1141
9472
4271
7547
1210
4360
5629
6421
3321
560
2164
6609
7765
8095
8686
1767
5946
876
6167
6157
1162
7359
156
9417
5083
8409
152
2909
9310
8961
5872
7090
8489
5037
8817
7818
7830
3187
3608
1248
3886
3724
4073
6256
8465
237
1401
5092
7991
7095
5859
573
2883
6689
2700
1363
2632
463
2009
9911
8439
597
4026
1439
2446
2296
4908
8412
7809
5098
4670
9369
5511
2159
7877
7318
2239
1538
6476
7507
1027
8188
3719
9273
8933
5600
5201
7085
802
9152
479
7581
9830
5165
9726
1272
8789
717
573
1101
9367
5278
6829
5063
7401
2941
1612
4905
5490
2326
3028
1956
3483
7546
75
5492
7823
1529
670
8042
1260
4908
1856
9522
3371
3169
9422
2148
6187
9170
3449
7764
9387
6383
3730
4437
8504
6998
9804
5388
3271
784
2408
8977
2955
5549
2690
5858
2339
7678
3903
2289
8935
1029
3355
4037
5439
8202
3106
3751
4298
535
366
8578
6931
3923
6433
4552
2796
2576
673
9395
6952
41
7510
9145
5119
2393
9598
5277
5143
3540
9246
9868
3735
5569
5926
1298
2331
4545
3860
2042
2657
9022
5402
3142
5067
9170
6155
7831
1760
8647
5475
9770
6330
4967
5728
4749
8739
3709
3671
2467
5361
3314
9561
554
7586
9185
8039
4482
6156
4796
2637
9341
6855
9231
630
6459
374
1476
6612
8800
5992
2252
4817
4433
4967
917
3036
309
263
1750
9013
32
2905
7675
6264
8007
93
6493
6720
5104
9159
4409
2718
735
9376
4204
3934
547
8669
4107
3612
7844
3611
2162
6513
3463
1804
5112
3555
3480
1226
4349
9203
6554
7467
5819
2639
9639
575
7487
1051
266
2293
2393
1450
4130
7046
9997
6537
7030
9707
9400
821
6066
9691
8809
282
6838
9377
95
2233
7332
697
9365
240
3369
8777
377
6862
3763
5951
136
1457
1783
3052
7560
6055
10
9988
5929
3415
6637
2451
8865
2857
4105
302
7681
1616
5827
5038
6155
6697
4193
1243
6813
1514
9269
1320
4253
6469
3261
938
5952
5661
1688
5222
9537
3548
5849
3278
6736
527
4492
3255
1605
12
9029
4524
6823
6480
689
702
7232
8112
2052
6408
6076
7296
8137
3428
9001
415
4779
2365
9819
6970
8474
3613
9079
7400
7308
5843
8884
1817
1446
6518
5835
292
9643
3462
6982
2091
2870
6462
3178
7292
5326
8538
2294
1473
3573
8828
2581
9070
2790
2450
7251
242
7366
3979
2044
6176
9035
3203
1469
5784
3753
967
3948
9894
3484
7596
4770
8355
3600
6007
1095
3557
2702
4474
2922
489
3450
6475
9881
6562
7188
7908
1276
3071
2484
7038
7275
5620
3579
8152
9511
8737
1568
9999
1197
3134
5324
9340
8518
8741
1270
6909
9802
3616
4327
4560
1387
2142
8504
2353
8859
6316
5886
7577
6826
1206
9790
1143
4747
2096
4136
8168
4193
4123
5275
8156
6954
4008
8814
8188
7195
785
3924
5723
3975
7205
9492
5924
2993
3905
1107
3502
9672
4472
704
6378
5953
7033
3740
7149
8055
1540
6386
8248
1855
8875
8181
9792
798
4962
844
9547
6132
3970
9701
6725
5555
2788
9748
5734
9279
7252
7602
57
4150
1531
1295
860
2563
673
4884
5664
2067
6870
5977
9595
1817
3092
736
5895
6469
1140
8608
5891
4060
6256
110
3834
6173
9730
8345
1074
3623
2361
8433
679
2560
3474
688
9537
8603
8958
3111
3609
8023
647
1154
5
5878
5087
7632
6903
8848
368
5630
3708
8112
2354
5311
6976
2237
1824
4600
6247
7378
4232
7234
9139
3707
2541
9443
5915
8051
3976
4986
3256
8321
9206
9848
699
5009
5795
2059
809
8572
9429
9742
1239
7753
141
9810
8970
1438
9882
3443
189
9367
1458
4330
2209
7946
4242
9240
2243
6582
2843
7388
5692
717
5912
9303
6536
6670
2464
4100
292
5517
8618
6406
4130
9239
244
756
9185
8446
9578
6876
6463
4825
6513
1008
6010
7304
5395
9636
8444
5172
3580
6903
7279
966
3357
1644
9666
4144
3400
1794
4996
7216
5250
8101
3120
9670
7233
9218
9537
4409
7697
7471
7443
7343
9830
7738
7483
7025
34
3939
4028
4718
5896
8805
1597
6803
3519
8313
9629
519
3014
4564
4849
9157
4207
2014
9779
8663
4903
5083
6463
7466
1278
7390
8016
7876
7636
1631
2793
9835
2105
4762
595
1641
8358
8934
2866
6032
3259
8023
6713
8558
7913
6834
5248
1558
5364
2736
3666
2702
5625
6798
7606
1391
9866
6694
9761
70
7313
6239
8803
5496
7633
4345
5399
5218
710
2933
377
780
3409
9527
4570
8240
9425
5317
8611
7775
2201
6404
1220
5621
2664
6933
1777
3297
7007
7043
5585
6948
7812
2557
2400
6989
8015
4774
3530
7004
7514
7975
6592
4952
8063
8926
3027
7583
9351
7960
4560
9033
4901
1404
2732
3476
4882
6596
4094
4481
1288
5353
4351
7779
2943
1866
3544
4446
6369
5209
1641
3112
1815
8816
2027
5927
5972
7008
5835
2399
8362
6550
5094
5207
1738
3930
2786
5079
8680
9151
8374
4498
338
2115
7791
3773
9023
577
4515
1429
9417
3202
1731
3444
5911
6978
6058
9147
9196
2480
8131
4840
9080
1077
6685
171
8381
3507
7188
9706
5380
796
9440
9907
8875
3580
3883
5191
6234
9170
6597
1142
4588
7997
2825
4779
8966
508
7023
1701
4512
7456
7444
6323
7207
4018
5426
1652
3024
486
4661
5160
5657
4849
9437
2859
7372
6540
7125
5944
66
3936
2907
2634
4544
7984
674
4462
2055
7978
4827
1666
2651
2114
6097
3093
2350
6716
6206
1059
2704
5647
4272
1421
490
5886
6484
3795
5444
6623
3985
9607
2477
3239
88
752
3109
5269
3666
1191
5477
3458
6977
1658
8370
4082
3302
9378
487
9695
271
5704
9115
4004
2399
7536
8928
2244
7002
9559
6852
154
5727
4223
618
304
5102
3446
5933
333
4431
3386
8155
5182
4321
4618
8676
3145
1738
26
4025
6717
2395
390
116
3318
5871
4980
9505
8027
6837
8598
4649
879
3046
1896
9151
224
6050
6767
5237
9799
3458
7582
4000
7107
4758
7637
3870
3958
3442
7609
9341
8046
3001
9537
4737
990
1194
8542
1306
7470
4971
3987
3482
7465
2136
5455
9717
1187
1596
5101
498
897
6757
9986
8199
7960
803
2894
8579
939
935
9945
1945
9820
7636
2410
7188
7069
7883
819
3160
2127
3997
6836
5180
834
9252
4326
7218
3679
9594
5204
9668
7273
8284
8918
4921
7798
5831
3626
9730
978
2970
2474
8170
5335
1762
2777
7636
3277
6275
2711
7373
9370
6530
8625
8624
8990
6789
4061
4098
2647
560
9412
4208
1577
3621
485
2066
1467
4305
7346
1137
4134
6931
3495
1027
7256
8590
9069
3737
7374
8707
4984
9650
7807
8961
7800
8545
639
7261
1031
2430
9196
9040
3049
952
1795
4712
8134
940
7767
1539
1804
9880
559
2799
1275
4693
9502
437
7964
3248
7115
9314
449
4991
6033
2637
5641
3523
7945
8720
6747
951
6488
8945
5309
4497
8540
3835
2669
5960
9442
1220
3961
9467
3044
1552
1684
6561
2297
1425
5210
9443
3681
5644
2368
3899
9207
9201
1539
8809
8817
9227
2462
6609
5733
7058
6594
1067
8040
2973
8697
6155
4632
7984
8134
6594
1679
3366
8646
1456
6012
7418
3535
6406
1432
6160
6156
8342
373
9914
3400
9784
2971
5802
1558
7294
8871
1685
8749
4570
2440
1116
3015
4774
8537
3854
9806
7606
5635
6859
7145
6800
1527
1143
139
6441
4345
8822
7990
6844
8506
9972
5491
9152
6828
1386
8486
8794
9190
6303
6662
7400
1652
7201
3810
4858
2089
9058
1530
3104
6852
9418
8105
1959
3824
7788
1260
2017
479
3417
3318
3780
988
6187
9277
8734
5487
2728
7288
8409
9920
9283
6336
1215
4061
3297
591
328
1196
3777
2481
7301
4209
5126
155
8632
826
3863
4335
8971
2044
115
8601
8429
2040
8349
2391
2946
1552
5712
7888
4273
3528
7422
4714
4543
8022
2822
1658
410
3870
6492
3002
2970
9787
8524
4209
1288
2423
1926
6899
1150
8713
6013
2915
2575
5413
1092
8342
7589
7526
268
2287
7504
6092
8424
3296
15
6485
4854
1608
5031
26
5273
7755
6143
5558
1943
5560
3286
1541
2375
9323
4677
8509
4456
3578
9319
2133
4431
2953
7368
3847
4142
2052
5638
6203
6102
924
1487
4584
4147
446
2012
7377
5594
2947
3203
2630
3187
5820
6689
9379
8276
6890
4786
4813
2331
4711
2597
5028
663
7094
3647
7148
4834
1978
6123
4504
198
444
7083
6448
6508
4273
7500
2143
6396
2331
3997
1120
3009
9502
7528
1243
4223
3165
6942
1674
1046
1273
999
8977
7905
31
4589
3269
9990
2588
2099
9418
1146
1196
3042
8708
9878
3294
8146
3769
5426
708
8544
4926
9493
2956
1060
4183
6220
4148
7717
7114
3414
3677
9476
1127
1160
1165
4703
6356
8574
8140
3093
6753
2587
84
6760
523
6704
6953
6702
7816
4680
7666
6831
1623
7868
5008
805
4034
2224
7512
3912
2611
9108
9202
6900
2487
4226
8345
3688
3888
2660
3073
3046
3228
9825
4076
6827
7122
545
3270
7859
1860
5451
3864
1361
2491
214
9762
6936
6677
3793
5956
3530
8513
2179
5763
9635
8225
3305
6131
9545
3071
5461
1022
7858
9569
2173
1246
2114
8819
2190
126
2894
1383
8145
3628
4619
8009
2192
2673
103
1085
3566
3043
9902
4358
7145
373
541
5169
8414
4490
9962
4205
7133
8346
7709
8090
7279
4626
4572
4676
7105
5428
2075
3663
75
1268
2075
2024
6263
4123
7334
7041
1077
3242
3769
9259
8601
8504
1269
4445
7503
5355
869
244
3785
8046
3985
7028
4268
7345
4626
6968
9832
1439
913
684
8135
5331
5187
6619
8425
7323
6544
6810
2683
6664
996
9301
7581
1988
969
8131
7763
3985
3677
1167
9239
9102
4284
1717
5990
6788
4170
7139
5741
7530
8375
9286
949
3424
5463
5298
6822
7388
8313
2422
7377
1580
6768
1561
2032
5188
2713
3138
1958
5797
149
8179
3105
9288
7967
1149
1048
9745
3360
9030
4207
3495
3282
6275
2635
6980
2285
9082
3496
9705
2478
2461
4438
1015
3961
6060
1611
8304
5609
8898
5965
7006
9104
5091
3432
4715
1776
23
6609
4009
8766
9257
404
5143
8616
6987
6544
5001
9154
9744
7459
8717
7556
9118
9945
608
4497
8904
7062
4835
7466
3621
3436
4850
4885
1808
9725
5102
3497
9753
6578
336
653
2859
8905
2560
1789
2803
919
4399
7184
6919
5313
2484
4658
6568
8199
4948
7121
3983
6996
1978
3118
8675
1615
4018
1278
4307
1426
1393
6165
5863
2600
5050
1080
3800
9968
6016
5192
5750
2541
2474
1589
6513
5880
1473
1328
2029
8651
9037
8573
925
640
4414
1698
2253
8705
8300
6526
7639
9587
6778
5154
674
3447
3715
3670
5568
2150
4198
3054
8060
848
3751
1875
1130
6224
2182
1174
2354
3156
5294
3404
8730
2125
6386
8658
7989
9567
4140
9270
676
8143
8197
2491
4194
774
9179
693
5987
2198
6315
2218
3569
7205
1931
6819
4775
5273
3750
8509
7519
9668
6764
3323
7069
1822
611
8822
7781
9458
7168
3931
2128
2677
8767
7195
9140
9901
3037
954
5689
8276
2919
6560
9276
2479
8045
7257
5291
2607
12
1151
106
6097
1639
7176
8301
5876
7628
5540
3694
787
3428
4478
279
5606
3341
2846
7384
6840
8534
7689
3741
2988
6271
441
5017
92
3634
8100
4425
4255
3084
5162
1768
6949
383
7515
9298
6968
354
5974
4632
9532
8361
8464
8328
2390
3152
8829
9232
1189
7457
133
9719
8508
210
3936
5117
4026
6711
14
2482
4540
5666
1245
4641
831
6068
2549
3146
2807
6973
7154
2199
9925
8611
7464
6753
5597
1486
5489
6647
9536
6324
1082
1044
2945
9250
7095
5718
1366
3747
7434
7
2502
4582
8788
6276
2857
6553
2302
4103
9089
7329
8884
2483
5341
882
559
9114
6937
8085
6359
4704
9579
2744
513
378
9438
193
1007
1450
9608
1289
6667
1430
515
807
3556
4612
8329
633
2884
6424
1571
2416
6748
3157
43
2257
1328
5456
3908
2685
9327
1821
2301
3782
6958
6144
7054
1464
2625
2826
1270
7230
3922
5949
5826
1624
3841
3436
3957
5926
5791
7920
3340
7283
8866
1341
5786
3368
7686
4132
2647
7506
794
5780
8180
3133
1842
7363
5612
1279
5295
3037
353
1540
8741
3078
893
8048
6508
9278
8217
2304
776
3191
3371
4433
7789
2285
5332
3038
4135
8574
629
8767
1293
6997
5147
3387
8633
902
8037
971
3794
6968
872
5880
6689
9438
9082
6041
4189
8073
7848
1624
4483
5088
4689
2643
8748
431
9170
5793
7319
6439
8388
6029
80
6504
6112
4772
9549
3500
5994
3354
8893
2732
2642
2640
3058
2507
7691
7539
6053
6333
1961
4073
3025
9760
2969
2190
6469
2051
111
5441
7288
8440
6632
2087
1751
284
5754
408
3558
6779
8528
1121
7115
653
9617
3804
654
868
2333
652
9890
3668
8686
6294
1300
7170
5222
2978
7389
4943
6484
9840
7705
8485
644
4860
5698
593
2031
2900
8995
7929
7847
4730
8112
465
8554
9508
6873
2270
4013
4586
7760
9909
30
7597
4668
4265
218
7010
4805
534
8243
5515
3847
3007
8810
9974
645
7171
9890
5478
1807
6015
4560
1021
3035
2161
8252
5294
1575
467
7191
846
3952
7481
5713
8538
3679
1514
8124
3426
5935
5084
2634
4579
1911
9584
6127
2498
329
3075
3669
6945
5851
2250
9642
934
5921
1899
5295
2797
6425
5540
4024
5370
7159
5509
1160
4954
735
5535
5092
4176
1709
9480
4293
8367
743
2727
6938
1064
9238
1320
6662
7580
8632
1924
628
379
2576
7555
8063
6875
5350
1945
9438
9346
8036
9283
2430
570
6503
204
3803
4310
7645
6510
9665
7469
5027
7412
9923
3243
7917
9710
2580
1279
3695
7534
3438
8500
6934
2052
8965
7123
3779
5442
1946
748
2518
804
4844
9081
5739
1399
7032
1313
4540
5336
6506
3963
7950
7555
8100
4285
5005
594
3039
9909
4272
6127
2996
5098
9904
6314
8548
3736
7142
201
1200
8652
4918
7936
165
3290
1420
6128
5844
2218
7266
6457
9418
6053
5228
9660
1199
1495
7471
4247
5468
677
4835
332
3362
6360
4562
9123
4980
2040
5717
4184
6810
2504
1246
7108
7450
159
2088
5031
1441
1079
1507
5238
4686
9282
8678
1212
1150
9384
7277
651
6860
3371
2799
866
6565
1614
3147
1176
3372
8824
8874
9544
8019
9505
7155
6526
9648
9779
3204
7956
5600
2649
2905
6620
8870
4327
6709
1003
2610
7087
2721
8375
961
9642
81
2152
9172
4540
704
9823
8234
7554
5715
4568
604
6021
1733
835
951
9889
9123
4025
7998
3883
9649
8722
4093
3550
8728
1199
5645
5370
1301
8367
3168
1564
412
1042
5455
3186
2142
8440
2656
3934
9879
6552
1424
6655
5891
9631
2152
7313
768
6908
2323
2731
9386
5149
515
2060
6049
3659
5839
2079
7463
6816
7946
4187
2849
6211
8756
5250
7064
1707
6406
192
8952
9910
8935
3185
6069
9235
3603
9933
2134
3916
592
3006
2561
5443
9621
5631
4312
2679
8487
184
9317
1988
6109
3628
1874
9693
9447
1910
9971
2874
4211
4895
3066
9658
5781
9392
2415
389
663
2397
1319
8809
4793
98
3990
3102
8314
5786
4716
1396
4236
6810
7149
9448
9156
2957
521
968
3267
2803
6283
8332
3695
1628
679
997
223
771
2256
9811
8257
5748
7649
6552
340
728
8453
5862
3350
8424
9002
4157
2596
934
1311
2816
2621
7940
7881
8540
8171
4478
1500
5263
6719
979
9248
6615
9080
9286
7364
6939
2199
3669
8750
5987
4199
7920
7632
2891
1485
8928
8671
5155
2855
8577
2314
1882
5780
8221
1436
6006
885
2181
3995
6588
4950
3587
8874
4434
2490
3800
867
611
2398
6300
7712
3070
7980
9623
9812
1901
9755
5424
6924
3568
6938
3411
6499
2621
8647
1345
8354
2184
4814
8278
4048
8127
9884
1273
735
5111
9286
631
1649
2925
7929
2474
4174
2728
6962
2421
1669
5694
9663
9934
9184
8270
651
7359
4378
5759
7329
1722
7708
8546
836
7119
1304
5431
7281
5143
7736
261
4671
230
2155
3341
9305
4596
3903
286
7190
3218
3343
7826
1499
586
9541
8502
8012
5220
9472
5588
9220
25
9007
3100
1976
9596
4516
9332
8003
9284
6888
2382
8377
2951
7679
7312
7006
1238
6250
3835
5571
4054
7598
700
9896
8633
370
566
9612
7594
7217
8980
171
4301
6120
5257
1876
614
1108
1421
1372
6988
6070
4869
819
5868
7755
1787
4156
2161
9726
5099
2356
7025
5068
8698
275
4003
341
2862
4428
8310
612
7813
9694
2022
3232
4860
6385
9636
594
7697
6141
4915
3579
9888
352
3885
5196
7830
4752
5753
2434
3349
1874
716
1132
7983
6488
2795
5787
166
284
4248
2234
7878
6163
6187
9389
8759
3080
9854
7598
952
8508
8229
8497
5043
5557
7934
6031
3278
7147
6767
9191
5493
9230
2130
6300
8047
8918
2751
4132
8960
2609
3637
8418
7474
9604
7081
2404
4800
144
3432
343
6473
1845
711
4739
2298
6945
194
8029
3110
9014
6482
8981
104
4664
8158
9036
8355
8541
5674
2086
3931
713
750
9256
9181
9745
7173
448
8996
308
3493
4919
8552
9023
6788
3191
6354
8738
5829
6961
5114
6341
7141
8670
7850
4860
9636
180
800
5366
5924
4253
261
4542
1197
4306
5649
3219
2527
6822
2466
1302
4458
6789
7205
8867
8199
1636
2421
3133
1541
300
7592
7108
9389
5755
6555
641
8443
3479
5684
3827
7554
8894
6805
2139
9586
1743
5517
6996
706
2614
8241
7982
1084
7264
426
792
4348
1083
2275
3217
4655
6119
8108
7006
7576
4234
7694
5799
5615
5812
5782
9187
3767
2419
568
2572
2701
6160
5900
3227
7650
7492
8013
8143
442
5972
2114
2845
344
1769
2773
1531
7058
2442
612
9304
9574
2826
9465
2347
4444
8246
5940
9703
9648
2608
9021
5805
9340
9797
6687
2740
4384
8161
6168
789
6128
2522
4445
8284
1440
5506
1416
8584
6097
4882
1877
6966
3471
4842
4319
4782
1555
9375
681
5395
4051
2289
7183
8351
7243
2691
9623
4146
6150
8250
853
7476
6098
5666
6936
6253
4047
1766
6129
9512
5549
3009
7487
3912
1918
4050
799
9396
287
5387
7913
4753
259
7975
9764
2305
4354
314
4470
8921
6231
1927
8472
1849
5961
6998
7914
4441
3768
4574
1710
7859
6682
5886
7074
9017
6903
7371
5649
2441
4605
3469
6993
9436
1352
2056
2344
8160
2139
5911
3516
1053
6922
132
2322
9292
9178
9064
3740
4734
6098
7998
8726
8713
5787
3235
3558
5748
1222
1648
7232
7816
648
4166
1529
3145
3459
4779
3475
9275
2605
9240
3663
3245
776
1697
10
5743
112
8965
8117
9423
7805
9591
3998
2423
9188
3718
5153
9037
5120
247
9408
3556
6801
6917
1689
1771
4862
4194
8485
6957
9313
6136
6748
6594
1401
386
6907
7379
5785
7569
9096
632
2564
1707
3714
978
846
5465
3608
4279
5170
7808
9109
6570
9579
4522
8343
7384
7717
6928
1948
8875
2239
9402
2837
9123
7499
1676
6903
6209
3131
1300
5806
267
725
1042
4513
1767
3019
7974
9824
8879
5023
7496
2597
960
3455
229
5677
4171
8
1784
6161
7952
1488
3201
8256
9442
7822
9841
9366
4253
6350
3239
1719
8380
6388
5297
7460
9222
5294
3805
139
7935
6792
6747
6397
5160
6866
2968
8689
2560
1425
9650
4018
1970
1861
9376
9672
2900
3688
7205
6900
4957
9108
3394
3208
8841
2443
6126
8719
4013
1379
5503
7654
4219
4120
732
6168
1702
2148
9741
4081
5216
8390
141
7533
3377
2267
3632
6742
4935
3403
4842
2500
2172
3054
5885
882
9952
1809
4305
5049
7036
1489
1188
4958
8208
4490
48
3749
7261
462
2414
7777
5593
2451
7745
7510
1958
8630
1582
2620
4827
6064
1035
4939
8505
6937
1713
1242
1882
4728
9985
78
8562
9509
7982
4329
4016
6444
6712
3220
8636
9545
5747
5446
4396
1205
7967
9107
7422
3870
9501
6094
7691
7941
1316
2298
3684
3111
893
9318
4283
8097
2231
1222
1365
2013
6066
7206
3890
5943
4290
7674
6556
9235
9018
4497
6127
7674
9549
3984
2500
9293
6656
9926
6097
1996
788
7478
6929
8679
5265
7569
2225
8900
5607
3989
6883
7685
9309
9978
3963
1548
2567
4437
390
4186
5525
3
2981
242
4364
5441
263
1326
1378
5892
5324
58
94
6792
8031
2090
6205
3804
1967
1176
4504
4404
9906
7629
6118
2584
9058
3057
3823
6031
8324
6604
8676
1561
7642
7935
2927
1953
6405
2883
8976
1072
3643
7670
3101
7621
9777
8691
8783
630
5945
1912
7992
2012
5021
1797
9040
5534
8218
776
4547
1475
6708
8841
3327
3886
7069
7670
5371
7417
7692
6602
6213
3597
109
5734
1657
5783
3781
3016
4947
1602
8677
8114
5436
6017
6991
4417
6726
2579
4554
2841
8784
5040
1318
6673
9074
3808
2447
2534
2761
9067
7333
740
8831
7201
6126
2343
9834
7139
6815
7344
6970
7747
3275
4067
7201
1966
2583
9738
7658
3928
6098
8621
4219
8475
5947
6373
4649
8640
8206
249
5955
673
5956
2351
2830
8671
9781
6813
1640
131
8782
7107
9881
3331
4690
5735
791
114
4331
981
1619
3430
3024
9333
9516
9261
6408
8409
360
6908
1675
8536
2848
666
4990
7490
2653
5073
1591
6319
8511
9515
4987
8819
803
7815
6219
1452
4185
9928
2460
303
7580
1058
4556
2987
1389
8439
6808
1861
1963
9910
3788
9571
2981
2435
1233
2722
1053
1069
669
6506
4082
9530
5253
1739
4628
1601
2633
6460
7954
9007
3813
9247
5182
6232
3819
3697
8569
8508
6399
609
6684
595
2320
3543
922
5429
3955
8459
647
388
6920
1274
9576
4427
9036
3741
8993
9140
5356
4150
5090
7318
2985
6678
7629
9834
4240
2592
9367
7056
952
4344
7905
7834
2099
7972
448
8825
1543
9319
7350
2659
2653
1253
6324
3535
23
4522
7155
5552
9518
5512
5110
5471
4886
1557
3093
7599
6400
38
2269
7286
9031
351
8560
9044
2729
2694
7147
7400
8817
2459
1124
2906
5640
3351
9389
8896
2451
3737
2795
5161
145
2468
6931
9528
7285
5806
293
7316
5693
1067
9627
2133
6834
8803
1855
5577
6111
5206
811
4547
5004
3321
386
8835
542
4973
2340
8168
5612
8969
7218
5194
441
7636
9576
6756
4787
4361
2625
4135
2030
873
189
9202
2732
5064
9381
1110
2723
8930
7537
8162
2979
4639
3622
5375
3788
3942
4056
7872
9157
1451
9754
9312
1002
8346
3656
1415
9667
6493
9994
647
5019
6895
2078
7646
6911
6596
5547
9809
7301
119
7524
9381
1785
5764
6108
9193
3119
9616
6513
9964
2068
4321
979
4226
6567
1805
2114
3580
8987
8787
9433
5150
8169
4304
8072
1409
8317
993
2617
8392
7618
1203
6928
9925
9646
4322
8218
4926
8385
5328
5795
6602
1644
1643
1615
1118
3555
9165
3566
3768
6013
4595
5308
2576
3983
5566
3660
7497
8568
4018
7717
6259
6354
8967
7394
9219
1635
1444
7579
9309
6069
2299
9088
9116
2262
2035
6854
7764
344
1766
95
3926
9476
1282
4355
693
1640
1124
475
3892
2820
149
3760
4100
9046
5048
8321
1304
7898
8740
5812
7684
5843
2905
4075
3298
720
1024
1335
4248
4538
9708
4336
2946
9847
8802
1209
1463
8467
3967
7379
6755
5091
1230
3064
3611
9210
7057
3204
223
3516
6177
4276
7551
3242
5316
4984
5500
1506
8194
6294
9183
2889
5068
2339
6558
5720
2678
4307
9714
2872
89
7049
6731
4819
6691
8893
6808
5720
4388
2397
8452
1950
2693
5223
500
1772
6031
9018
1096
4885
5477
7680
7235
1103
9434
1384
949
8175
597
351
8374
7793
6090
4159
1924
1333
1592
1911
4203
4492
6354
256
7099
3256
7391
2918
3741
1972
1475
8279
6431
3586
3447
9662
8626
979
3313
1775
3645
2216
9056
8601
4878
9910
3127
4678
2701
8711
7151
8477
2550
2857
2764
9419
2084
6384
5495
5316
8972
4174
1736
769
6115
6751
2500
6703
4069
5392
1929
9723
558
1636
9200
811
7051
6342
6971
8978
5081
9182
9494
5295
7537
1811
4010
6220
8375
3017
597
1586
1394
746
1486
493
8350
1493
8112
4876
2563
7418
8596
3406
9633
7376
4024
8847
659
3165
2032
1361
1852
6829
9550
3912
2764
7460
2016
31
7992
6522
504
9331
7756
591
4433
2301
5979
2912
9752
240
4266
5106
8147
7917
4778
2468
7787
6952
6797
8125
5108
6802
2011
7825
7541
3854
2975
4228
1690
9501
4368
4393
9939
4202
1607
5210
4357
4209
9787
5321
4397
37
527
1160
4051
5881
1372
6014
1304
2487
2437
4519
3983
5784
8516
5487
9201
3839
4434
2987
7376
3390
2035
8598
161
7051
2943
4804
5219
6173
6112
7111
5813
6005
8606
1069
2377
8601
7195
711
3346
3955
1018
4183
2364
1529
1070
13
5355
6499
6754
2673
8859
4305
3693
171
8565
1778
9507
6183
8877
8357
5903
6343
5705
7406
7574
403
7923
2840
1698
1768
497
1392
213
5745
3854
9671
2965
3408
9062
6815
3138
8755
9130
421
82
731
1604
8949
3189
6324
3678
2948
7293
2159
5088
4175
4356
3518
8620
8602
3826
333
7400
8888
8742
1707
2221
8828
9943
1973
65
8742
2425
1321
4473
4926
7570
1719
3248
3367
7039
9183
1546
3447
2476
1727
2556
5142
1236
5316
5935
6655
6450
4201
4871
5066
1010
5180
7476
1389
1951
4456
4246
9781
2990
3303
9318
3479
6910
6247
16
1228
324
2422
6821
5069
8784
6992
4462
2229
7179
5915
166
9250
2323
5821
8076
5165
1587
2744
3990
2772
4622
9107
3613
3433
9097
4124
615
5094
2035
600
7292
4207
871
5731
6317
3383
3557
4674
8151
9972
2898
9789
6516
2764
5124
7999
9046
5311
8098
2859
7378
1700
4814
5845
3940
8202
5559
5752
7547
148
5827
5385
4474
4377
1488
8131
2494
9799
8605
4319
7962
6662
8003
6440
7662
7133
4328
4412
4344
7875
6732
6633
5707
5486
8517
595
7484
8612
33
2953
4523
541
3715
3952
6483
528
5712
7086
2012
382
2914
9662
1058
601
1476
3804
8486
662
6074
9981
3409
1420
3628
8907
1820
4252
6020
5673
4592
7752
9484
9208
8548
4317
8023
9587
6861
6251
1673
1868
8438
7985
1371
7428
2323
8381
565
4751
7401
6062
4182
648
9307
2947
6729
2391
4448
5229
1914
3489
7098
4175
6307
3105
1064
6754
4525
1009
936
8187
1081
9183
61
6778
2056
2981
2291
573
6963
4246
8273
721
76
6469
9709
9598
5105
6033
9323
3707
3567
9846
913
2594
8094
101
7762
5784
9521
5652
1684
7981
8894
3307
8604
5722
8010
6879
9297
3648
8212
3082
8024
9421
515
652
8408
1167
6469
869
6301
8520
7020
3244
5675
9822
2233
3047
3987
3606
8268
3385
4886
7333
6946
653
5965
2827
3104
545
1351
3050
959
9568
5364
8618
3908
6113
2650
4449
3924
7290
6504
925
1338
4034
5751
1776
3607
3450
8609
8121
5805
9332
1559
4036
8883
3793
2617
5024
7284
465
978
199
5108
3355
4693
2517
4744
5150
830
250
9930
4525
9826
4881
476
7151
2542
5819
9949
4545
5753
1368
3035
3276
3281
5432
7223
1043
6690
2345
46
9659
6400
4715
4208
7662
8327
116
8540
3012
8946
3127
7931
111
6796
1180
5542
2149
7149
3780
8787
4645
8255
6936
9438
5051
6938
2269
6603
4787
9314
5027
9486
9322
1127
7397
8892
5394
8950
4121
5388
9293
9538
1396
1901
9750
9743
6118
5926
3502
9696
5107
9179
9211
4005
4254
2867
3922
5001
6256
1840
3583
7859
4225
4699
2723
5981
6463
8319
6200
4003
8878
5144
6132
8515
3621
9466
9103
7412
5134
1440
9231
2920
7950
7555
7835
9842
3851
4873
1966
6396
5413
8553
8728
7551
2948
3459
986
8846
7217
6818
9130
4475
3119
5466
4434
3598
6548
4836
4133
3293
5177
710
6675
6376
8376
2850
8031
8387
1611
5149
1917
5813
6402
1442
2776
8785
263
3111
8180
9238
3071
6012
3832
9713
4106
5664
1693
4954
5958
7250
8483
5265
1933
2390
5106
3055
9220
3877
3677
1947
4782
7715
2047
1448
2034
5106
6554
6731
9967
2480
7646
6693
2378
6161
5152
3540
3139
1793
3126
7118
315
9908
6323
3036
5257
3566
400
710
876
6486
1397
6366
9760
120
7095
9888
7203
9969
6860
842
3512
164
9086
8976
4659
9128
745
3567
3785
4784
4865
6716
8292
8237
2440
2699
704
8158
8927
1907
703
8841
7626
869
9529
6
1158
757
1460
7829
1158
838
7741
2091
5734
2562
4983
4270
8205
3736
6478
3334
2081
8820
9571
8222
1141
2900
452
4629
6897
4789
4286
4375
1124
4658
5163
7154
6830
5611
3471
21
7006
4206
4374
4810
632
748
4268
6775
8279
8472
2716
4157
601
4245
677
4948
8022
223
5350
9044
4865
5637
8763
942
8439
6829
2613
7585
4226
676
9158
7009
6969
2567
1706
8973
709
5850
3806
1161
9969
3519
6622
1257
5544
7402
591
1479
4594
6280
5360
5468
5793
62
7071
841
3976
3997
2583
8597
2872
1138
2537
8148
2450
442
8787
1920
4259
5455
6323
7362
9453
8045
8933
8663
7092
5297
4529
4134
1832
9152
4925
514
2631
5730
3696
6000
2017
3864
2501
1230
2749
5066
4510
9365
3807
5788
8893
7676
3867
3215
6828
4064
6424
5206
9972
6152
5554
8849
2792
4102
4699
8785
8922
1789
1962
7720
5965
8133
8528
3178
6720
6170
8018
2819
2866
1006
2562
9445
7122
3633
797
8377
5272
2414
5211
9376
1355
5296
7853
8717
2257
8837
5795
4799
7341
880
210
5853
7193
6778
3814
5675
4901
5499
1599
5319
3362
7482
349
8758
3914
667
9701
4656
5786
1145
8391
560
4347
9556
7639
7475
9701
4222
7957
9328
1005
9773
5857
65
882
1767
1464
5856
1321
4297
786
9622
2428
8378
7555
2852
3183
349
9178
5791
9007
7704
7795
886
8882
4086
2501
9788
1267
6597
2594
7977
7110
6443
9627
8427
3327
380
7197
4127
2012
1091
2675
8244
3050
572
4565
7392
2478
910
3902
342
170
6692
8355
9183
8189
3537
7679
272
9088
4802
2080
1184
4776
3467
6995
8909
9404
3855
1352
1497
4602
4134
9903
6030
9805
9134
5655
9054
9059
8728
7856
9142
1338
2247
136
7346
2252
4083
7829
2807
8676
7429
2196
9594
2472
639
2330
858
7853
961
5536
1355
1154
3277
3753
473
4744
7899
5760
8549
8414
815
5322
3483
1878
7830
1561
2778
313
9344
2018
3335
6536
9205
8343
8430
2228
4335
4675
7694
2627
1322
6886
746
4984
2839
2998
7100
8332
4117
221
116
5000
841
6173
3050
6298
1978
8722
6063
6570
6910
4982
5911
6996
1795
7958
9944
8638
3311
6974
8024
7029
1806
6591
4559
6855
6628
8143
1005
9038
5747
810
1820
8399
8522
8874
7028
7190
7282
2171
2364
8188
6810
984
6426
6376
8778
1234
1891
2377
6749
2640
6814
8075
6861
9118
6785
7244
5686
1671
7951
8109
4133
669
6860
3919
2202
5348
3611
2763
5437
5320
9857
6686
3972
7555
5931
1051
7549
9230
728
478
5620
7700
7415
6968
8455
3680
7699
128
8984
5449
3817
1150
105
835
6314
8786
2307
2892
8709
2169
7865
9373
7782
7964
3337
3043
5498
1721
9927
4814
2212
6926
9233
9232
113
5414
4781
7406
9952
745
3847
2652
206
2897
5340
6973
9193
5481
9390
1846
7884
8537
8741
1258
8564
6909
4709
928
1956
6251
8122
4403
802
8041
4102
8191
1987
37
2596
8630
9635
5908
5184
7892
3211
8477
8957
2981
6516
2707
9243
900
4758
7233
1216
6613
8197
8984
1557
2012
6974
3951
8506
8547
3585
8955
5186
3417
9525
8913
5793
3663
7310
3023
9043
8806
7802
6086
3216
9283
8052
5604
5719
8083
9441
9734
7864
5579
4983
2890
3295
3675
6438
7219
9951
7953
1751
6286
3594
3680
3389
8668
2039
6798
757
3146
4565
996
3484
899
2394
4276
7851
7188
7071
6304
1631
4723
1655
9405
9135
7868
5245
1877
7331
9616
925
7850
79
2339
4506
6900
2390
6948
6202
7805
4239
1022
647
7217
8547
6798
9884
8513
8827
1559
6967
7560
9883
8237
6928
6622
6135
2228
5970
6939
2924
6406
6154
8478
204
4156
6806
31
6660
5717
9105
4619
3538
1069
9417
375
1957
4598
9009
11
1486
6220
4859
4242
5728
6664
7036
9722
9632
9803
1178
2759
7301
6441
1598
8632
8339
1131
8702
6995
8431
2487
3742
8268
4084
4227
9667
6008
7764
3220
6387
6095
4780
4079
8236
7945
3650
3386
5089
5454
7497
1803
9673
9794
4700
6626
9226
1948
3733
7646
3683
7206
1206
8869
6454
5780
1791
327
4384
4657
965
8875
792
8014
5342
8817
209
2455
8649
1546
4918
299
9035
9926
7137
9355
7067
7453
5683
8751
4489
6604
3895
217
2598
1545
267
7981
5008
622
9430
9074
6408
1537
2412
5996
9619
7697
9368
9700
648
303
1432
9229
1534
5457
8990
8295
587
4410
2424
9456
1307
5675
537
6813
2935
7055
201
2697
2053
3321
1062
9657
5605
3466
4943
2536
1777
2031
9623
7137
5850
9395
5780
7493
6897
7862
2857
2847
622
891
5574
9758
8024
4756
6493
8826
5171
8111
2908
6555
1714
1769
3422
9523
3805
5886
3798
7454
4852
3687
6617
9370
7598
8240
5380
497
1957
5533
8551
4768
5512
7397
6846
3468
2448
3033
78
9528
7902
9384
5622
4877
3104
3754
2235
1582
916
2845
9306
6354
9312
5344
4862
3515
6455
1573
9596
4804
1038
1785
702
8001
9340
963
9511
1125
8940
3263
4968
1205
7274
7051
5617
2740
9557
6121
2282
9421
6268
8433
3154
2117
6918
3339
2031
2443
4475
552
2133
8862
3116
2625
8324
8195
5734
5151
472
7520
9864
1429
8518
5394
3564
1110
8995
4547
3921
7509
5829
2495
2369
5816
8619
3091
5816
858
3456
1235
9451
3870
1734
7229
7532
4241
8918
4932
5346
6664
9967
566
9266
4772
7554
8859
3554
7605
3864
9346
3191
440
8634
193
9821
122
462
1404
7820
6096
5827
5246
4430
7999
8262
7564
9950
5543
6954
3835
20
1517
923
9645
168
4176
3459
9411
2273
9733
7525
3303
4825
2911
9572
3271
3164
3955
7561
7286
7865
2186
4093
75
4220
4044
6804
3073
1245
1466
6605
6739
7465
5816
1774
7925
9732
3899
5913
6762
4274
2290
5226
4042
4851
3939
7621
9910
6779
1855
308
4092
5312
6400
774
1953
3195
3094
6396
3462
3436
73
4235
3372
5544
9854
2586
1779
3
1459
1956
5587
3816
882
8512
9545
4411
5079
349
9042
7697
6165
9330
8395
2313
5473
3731
9543
6135
1592
6320
7792
4789
5687
9742
9145
5739
359
9975
2465
2244
1832
1571
4781
2593
543
1256
6564
9636
3237
7863
8663
762
5537
9552
8613
389
9923
9590
6599
2195
9859
3167
4575
2260
1326
577
638
9988
9991
5307
3069
1629
212
4037
4360
9970
32
4583
9512
3141
1532
3348
1786
7792
7366
8559
6239
4677
8874
1879
6906
523
3037
9569
4133
5596
2103
2965
266
999
1874
2952
6987
2529
7551
4729
1754
7867
6606
5814
372
3583
7202
2935
9386
10
7361
3061
256
7862
4425
5603
9831
8438
8127
3697
6183
3772
402
4089
422
6830
3515
6458
7617
6468
7959
4417
580
6122
4658
2366
8819
7599
755
2364
3922
7368
6727
5020
3751
5276
5551
1626
206
3354
3214
2673
6799
8688
1154
4657
9135
5356
412
4572
4413
2067
5232
3808
9639
8665
2542
4576
8237
2417
1164
5812
9948
2260
5357
7334
5479
8545
8377
8065
3201
8643
8893
3390
1959
7540
1288
6075
4294
2565
1266
9716
1088
3916
1386
6576
7543
2393
3947
881
1798
8900
6854
385
9875
4423
8008
1220
4694
2424
8213
190
8340
8491
2778
3809
6802
9009
7066
5867
3138
8432
4276
545
1812
616
6603
2246
646
4811
8781
2189
6218
8943
2783
6850
4231
4754
4000
1286
3383
871
3392
6454
3191
2841
6683
9391
6146
1145
4990
8781
5885
7261
7883
6366
6825
8926
4678
7284
3744
9347
1673
5737
8131
9048
1720
52
7171
5981
7404
5822
835
4749
4921
3134
5746
8069
7212
2088
575
8406
1995
9344
304
4908
2830
4298
3619
7175
8475
7856
2600
1278
4712
882
6928
4796
2974
233
7921
8145
8367
4773
3070
2740
1559
6284
4249
918
403
1286
8995
6202
5391
6157
7974
8925
6633
2534
3511
2469
1047
3041
9876
6730
3738
3955
3171
3471
6396
9454
3456
3656
5717
9873
4061
3474
3322
8830
328
672
9276
9623
4724
5054
5474
8592
4029
175
3923
2147
9726
8884
9735
9015
5545
6610
4032
3436
6696
6486
2028
1222
6913
1954
4086
5907
3366
337
1218
6424
3992
8170
7064
5219
5346
2412
1689
1078
9457
1121
1287
1610
5367
9096
1706
2266
4397
6595
7337
3629
5012
771
3904
4442
384
6836
2360
9770
222
2729
6177
8978
8853
9355
1178
2937
5227
1087
6768
8076
2852
8100
2675
2899
825
261
4470
9155
8030
6489
505
4173
7273
1439
3418
7957
7048
6585
3736
8684
7091
229
6910
6148
1959
7124
4351
1991
1542
214
6122
2336
3211
8483
6212
9220
9590
7432
1946
4390
5628
628
7733
4411
3956
6196
2617
2444
7677
3958
435
3410
4537
606
7290
7953
1402
3880
9441
3932
6704
1264
8214
9192
2381
8847
5474
3508
8136
7422
5432
9752
2327
831
1395
9927
4226
7833
1554
9974
5906
9573
2499
1702
6922
1985
6043
614
4997
5596
5923
8758
2506
5605
952
1510
5951
3382
3677
3356
4397
8305
7019
6631
7295
1676
631
4274
3980
1574
2710
4517
271
8189
8684
8362
7772
4677
5636
8189
6884
9121
7124
546
287
7017
7855
1443
5502
527
4633
747
1398
3449
8252
8296
5616
1791
9011
9182
9722
7711
5134
1172
9637
6513
5601
290
8336
952
4546
6103
2649
7738
1954
6139
826
8012
