8192
2036
8195
9889
6748
1124
930
8930
5688
759
3827
7750
3893
6341
3414
8572
8913
5936
5228
4987
9135
1477
1234
8002
3188
3247
9595
5942
4042
9971
5567
4902
2533
2210
1869
675
462
8602
777
7337
2128
3675
9081
9750
2160
9299
5141
7863
124
834
7230
4877
1788
5034
5355
977
2688
1593
6677
7280
3019
2151
8220
9997
4772
3249
1605
335
9831
7908
3684
4018
6660
7388
7111
5162
9438
7594
7769
6561
4555
2624
6917
5701
2283
5926
9073
1522
4075
1673
8338
7678
9743
5733
5652
3127
1203
4849
7560
2363
8207
6211
7125
7841
8028
9912
3931
4134
8878
3894
5171
7730
9331
9079
4382
6547
6770
5660
8666
1822
2721
6132
821
8716
3400
1276
6092
1456
9868
4251
9764
6444
4681
2212
3333
3442
4455
8442
4048
5275
9401
643
9874
4682
3815
8794
8367
2247
180
5028
4816
9184
611
9615
5066
7603
5863
4768
9363
7697
6462
9427
9421
9538
6788
5696
6890
683
5295
6092
6127
6490
40
4877
7526
7743
9665
7333
9368
1142
9864
3469
6743
9579
8224
4256
6577
9290
4202
8876
3264
8994
5578
8237
411
6773
8697
4167
5917
2435
9266
5694
8216
7258
1185
1772
1395
4383
5941
2322
4523
1141
214
654
636
1073
1075
7106
4690
2192
7026
4026
6512
3207
5730
2619
4834
7413
7721
6156
5238
4028
3971
9655
668
8976
7755
6783
4582
3975
8562
6205
509
4625
2532
8764
3488
1063
9329
239
3753
1057
4377
8990
9592
8966
7205
4784
7216
3449
3359
7114
2394
8502
8751
7417
467
7592
9700
8012
7625
4906
5308
1839
9204
715
3287
3036
298
3494
502
2657
9139
2779
8578
8358
3617
898
4346
7917
5109
9563
8100
1773
2976
7799
9939
89
2072
9729
5149
5252
1649
7295
5559
8878
8732
7807
4842
2543
1546
5444
182
8565
7021
9015
6806
1053
9784
2284
126
8632
8716
3576
1095
484
98
1357
9481
4785
9028
7925
9271
6678
6027
9990
4130
6368
54
3509
451
825
1242
9894
5838
2004
7122
1168
9193
6279
5949
9740
7753
1714
4804
9201
8002
5187
2454
7097
9445
2271
5460
8228
2483
8394
5655
3948
2550
685
4452
3969
9786
1492
3812
8708
6823
1125
8467
4442
5617
3374
5915
4705
1927
4394
3890
1127
1086
2301
8970
3276
7731
199
531
5328
5297
6668
3207
1233
2023
3790
523
6622
572
3720
535
3108
2643
5966
7221
8877
6937
5116
1043
8852
739
4171
3150
7996
4269
1454
1006
8512
4406
7861
5593
9136
3402
6831
50
6398
6470
9294
3226
2016
2728
2566
7402
8915
4450
1954
7443
2751
7042
1755
8803
7883
67
4514
8404
1265
1901
5608
7852
7199
1464
1415
7592
3012
6013
892
7403
1730
5117
470
1567
2949
8202
5378
5296
5751
6282
7877
7900
9923
7832
2733
6168
8939
3972
9168
5754
7095
5704
2803
9961
6077
1099
7768
6119
4940
8121
4624
631
8244
8473
3138
8383
1479
5534
3796
9207
1180
8214
276
7521
4799
9049
7360
4425
3920
1355
9563
7261
8471
6301
2835
362
785
8382
5605
4950
1913
6087
9481
4752
9535
5811
9876
9067
208
9648
2928
7453
1599
6622
2797
9871
5892
6345
1263
2649
6933
3762
8509
2655
7724
1654
4577
9981
9793
5005
1853
3621
5701
3587
8800
888
4052
9920
6375
2025
9360
3464
9917
1098
788
7240
8556
4762
1588
8241
9237
6207
5211
1685
533
8332
2619
7437
9006
7026
3817
2040
3047
6097
5340
1964
9936
6442
3745
1660
4680
938
5776
1384
8043
5935
1595
3902
6135
681
1776
6817
182
2556
1477
890
2229
3488
3566
4934
7107
6563
4479
321
5209
5138
5573
7613
5972
9043
7931
2117
201
6569
9085
847
3175
4961
5558
3140
262
6514
4936
5185
8365
7398
6984
6941
2575
5502
2660
3571
5198
5636
275
9991
1536
8574
536
9533
6351
1364
1114
1848
5137
4240
6691
2582
6679
9825
2480
5765
7710
4613
9122
1170
9786
9885
5869
7522
3744
5797
7169
7677
1962
5616
5423
2155
1420
888
1881
7788
6613
9952
5608
711
1637
2745
6007
8850
2752
5637
8430
4486
5165
7930
6151
1047
9266
6290
4240
7876
6797
8827
1737
3345
3422
8772
2862
5410
2908
908
3245
9139
1863
3409
8780
3948
444
366
2252
6655
9402
3389
4136
4379
7834
5840
3465
7777
6519
2191
7433
7606
591
8357
1555
3825
1108
2170
2789
2322
8801
7589
3401
9692
7637
6691
7421
7769
9244
7000
8620
2274
6014
8537
2932
4505
4883
5336
8276
148
69
5988
2806
2799
9603
9102
5338
9056
5588
7483
1078
5993
944
4129
4222
7414
710
1654
9053
1116
6980
7265
7597
8026
0
9763
8138
3565
1722
4301
8568
3925
685
8470
7002
7575
19
3939
1891
2896
5867
2012
9950
9878
4165
9176
6172
4015
4013
6003
1204
1795
7817
3401
4801
8931
6567
3375
3305
5401
3037
2473
4366
6555
4719
1817
7145
6594
2511
7479
6614
1880
839
1736
9677
759
4045
8127
7929
8910
817
2385
162
6676
8021
3874
7370
1347
5126
3449
878
7311
1080
6509
3761
1858
7029
5578
6881
7978
4808
4273
6556
7281
9027
1840
5124
5997
4837
1092
1255
4398
7894
6769
5582
5761
3163
4133
7660
1185
2083
9596
2680
6288
4888
9583
2778
9517
2631
7537
342
3728
8296
4657
8310
6134
5453
4754
3683
4548
1722
2217
766
2197
1997
1353
2155
8401
4191
7142
1199
740
8228
3598
4733
2761
3840
3213
609
2016
428
5041
1370
6693
2836
2971
1661
2022
3747
4951
803
9408
3950
1446
624
5032
1793
2015
1418
4506
6886
4866
832
8112
6264
229
9511
9355
771
5207
5425
8690
851
2397
3648
3828
3253
9155
3875
2194
7904
6988
9797
9715
2870
8965
5488
6088
15
9106
807
5201
8791
3592
2419
436
1679
7989
4767
4349
4661
3123
5476
2681
711
946
775
7519
6116
996
5710
1658
9359
3720
1993
6258
5153
5517
3585
1707
7632
3459
1084
5939
4037
8479
1373
161
3152
8130
8004
4372
9763
1975
2955
3970
2442
70
4011
6230
6099
1990
2585
6668
5292
7952
5826
9286
4776
2665
6710
9844
2055
9821
5920
4667
7270
9006
6654
9347
7540
6707
2824
6481
1564
6474
3616
8392
1244
4357
3845
4926
2922
842
8424
8738
9106
6453
3254
2002
9393
5944
4612
9874
6127
7113
9178
7846
3282
2625
229
155
4621
1616
633
7193
8759
5238
505
6283
6087
5830
4669
5731
6376
5884
3932
7652
9884
181
5054
5137
7976
6245
251
2873
6340
6058
4704
7314
7809
6461
1883
4731
7480
1888
4074
5374
4059
1386
1082
8266
4467
3044
5525
1094
4447
7894
3202
8814
907
1358
1
8349
2400
3796
7799
1892
1028
3116
6301
292
5699
6075
8795
5077
8953
9539
8106
6789
9016
2875
2751
2244
6103
3228
4069
4917
8160
5197
8458
1196
9443
1043
6091
6586
657
6414
1951
7955
9466
8079
1854
5003
2529
813
1029
9232
7483
4674
8536
5289
6805
7554
4775
2895
176
4723
7294
4818
8973
9409
2730
564
491
3712
6028
7081
4735
4690
2866
7192
8951
7505
1520
8631
9670
3940
9951
9218
2819
1689
88
1500
5223
3863
504
5858
8190
2378
8987
8787
4767
1586
8903
7747
3274
4325
8939
5113
1069
8066
5300
6805
6457
8588
6720
82
3021
6357
5781
3001
3151
5083
4164
5031
7191
3799
1878
7736
1147
3337
9060
5643
3841
2447
246
4577
6332
3379
8273
3645
1570
8224
927
3382
3385
4579
2434
1635
5810
5935
8692
3648
7477
2562
3178
6035
4295
3225
6870
8844
88
5437
9819
9050
2856
316
8792
5205
1072
5014
4967
4999
50
354
2336
8384
8278
7543
3150
1028
3369
3854
6247
420
8390
6615
8141
581
9061
8159
9002
5891
9614
7815
929
3104
1502
8406
9480
5786
6776
8564
9313
585
4749
9383
4703
7275
8947
1421
6330
9505
9339
4161
9363
5430
6251
6735
6411
1794
2516
7479
8192
1040
6609
7101
9711
6677
1329
7514
3631
5392
7497
1629
8533
4737
446
5535
5587
2983
6774
7735
2932
8012
4005
311
1880
2735
7989
2347
8389
5352
8055
5688
9859
7140
225
9866
4398
3628
5727
2073
8372
899
8207
6945
5086
3686
3614
8579
1322
1811
2949
5139
6000
8913
9976
8416
3268
4970
1125
9713
171
9786
1400
5914
7494
7821
9145
4397
9405
8275
7598
9169
4367
4448
8657
1571
4449
1337
3489
1106
9941
4176
3508
668
8028
153
6810
6284
6064
3763
9214
1030
2270
868
2080
3058
4734
9947
5927
9872
9192
5538
4203
7119
388
6567
8423
7031
7604
2884
6115
8756
8761
167
2296
8379
7712
9417
982
4726
4878
1326
6271
9452
7796
6945
7487
2340
4432
370
6133
739
7634
6281
9937
7123
2470
7075
5449
8170
79
1400
9115
7646
1616
7149
6026
8249
6743
4312
2643
8119
8656
4015
490
7007
2016
8361
8902
4630
9988
8271
4974
3710
3191
8313
9099
5127
5042
5335
9168
5773
7252
3413
3527
918
5254
1902
713
6629
381
2616
4131
7660
7355
1992
482
9562
4453
8992
8450
1181
4270
4708
6546
546
6253
8278
6683
6925
7120
6272
154
1854
5392
1087
5609
9272
6996
7696
2456
5816
1549
8647
15
3618
3532
6971
1071
610
8592
7649
5621
9160
7977
4855
8961
1117
6168
8592
7658
1977
7920
3492
6746
6978
5025
6581
4565
6760
382
7982
5274
3905
9398
5869
2881
8970
7527
6349
4630
4251
6676
6543
6730
2961
8047
909
9816
8905
185
1356
6314
1361
8985
3756
5010
6127
9126
995
5911
6736
1237
5676
8617
8870
2213
2521
2277
908
2097
6892
8420
2576
1901
215
3382
4184
5954
5532
5393
63
3025
1572
5266
2371
5640
2070
7226
5219
2738
817
6187
2907
9815
2010
1794
769
2125
9300
6806
1489
7427
1352
2051
9039
7504
5420
6214
9884
5908
254
708
6691
9677
4226
2359
4594
771
8510
4961
3880
8179
67
773
5410
8875
2679
9398
9482
4163
2687
1115
6616
5185
7658
2239
7982
7954
8454
3734
7067
3608
8612
552
270
6020
1546
9961
5798
3519
2226
6257
4969
1235
3014
6095
7694
5527
9551
3270
1434
3019
3801
8814
5206
3994
3097
8445
7654
1568
68
264
990
6557
3463
5123
7664
915
6516
2926
1918
9676
5750
9162
5758
8427
6393
4329
3781
674
8373
6069
8795
5717
9
6892
6307
8461
5980
5028
5670
3013
9680
8830
7312
4850
7842
955
7799
5261
826
1864
8932
275
2643
4100
8224
3501
4573
8786
4935
4734
6444
9494
939
339
7003
656
6012
3180
403
4658
6213
1368
5451
3786
9019
4414
2089
9342
1045
1277
2183
4295
2503
5501
996
4797
3410
8602
7830
3861
249
6551
4768
7016
1259
494
9968
8122
8159
602
5024
6646
1147
3148
3840
242
1429
2749
4542
1118
5676
8724
539
3046
1780
239
853
3583
8074
8437
7019
6680
3828
798
4505
861
7967
3389
622
6216
5296
5330
6836
82
6862
2552
8617
8812
9213
3445
82
3385
8472
1931
2213
4039
9075
1387
5962
3468
4621
9363
4063
6151
9124
5161
5026
4062
1703
7434
8119
8351
3570
5774
8767
1284
3373
934
7823
8282
2765
7634
9487
6046
3973
1222
327
1122
6965
5234
6836
7155
93
8311
1671
4972
5144
2689
4768
2703
3661
2897
7982
8425
5936
7339
9464
8729
2720
5755
9197
1707
6358
3964
9632
4857
636
2767
804
4146
6726
9987
522
9094
4284
1345
6838
7551
8137
7404
6329
4575
5310
9730
7695
1600
5904
8570
5626
2098
1672
278
8823
8150
2495
453
2346
5578
1681
1325
262
9102
8936
8088
7218
8033
5041
8394
1841
4705
1865
6344
2938
2597
1634
95
2666
1543
5087
2779
4641
7582
9579
1177
2693
2611
5396
2297
8909
871
5987
5411
2384
3078
3670
594
7770
7438
7208
841
623
1620
6061
4327
1608
6033
9352
9139
9584
9111
956
3531
9167
9253
6379
7267
4911
4291
2747
6116
9104
6238
3115
8114
9628
7011
1067
3203
170
2901
4378
3790
5982
23
4303
1766
3856
1498
883
8825
6508
4390
5312
1275
9902
6364
4604
3366
1406
5302
1287
1101
6536
3646
282
9564
5451
4256
9
4666
709
7415
8245
876
5602
965
4753
7431
2870
7987
77
8683
4239
690
3852
2868
8764
5983
5850
2578
800
7175
7577
1269
7085
7878
2714
2193
4579
8084
3282
5506
7422
1508
7353
5419
46
9614
1319
7540
6917
8212
3467
3078
2020
1487
284
2361
3726
5921
9191
2439
2249
3244
6129
5892
257
4546
2949
422
1112
2781
1443
8875
6966
5973
4559
7273
8669
6554
7662
9390
4755
7325
8717
6254
2772
366
7766
2433
1009
4910
4365
4228
4606
392
3230
7742
4134
3469
6888
8919
6854
9923
3603
7171
7922
8147
3317
1649
6797
2660
3356
1122
8546
5490
5124
7175
2057
9103
5226
1528
5677
7377
8557
1046
5333
1486
2178
563
8601
7056
7977
5703
8373
9369
7270
1664
1795
5651
7055
5610
1007
8030
2417
116
2322
5839
2182
4846
8341
8077
1371
2875
5783
6333
4193
5129
1447
7379
8573
2821
8332
754
1344
899
2737
2963
3563
875
4122
7960
8655
3077
2732
9068
3026
8977
9887
9323
2366
4762
1087
8549
2975
4913
4050
904
5269
7471
2898
2091
8607
4628
1119
7309
3515
2003
2341
6141
8146
8737
7381
5538
8912
4573
4860
1858
8064
9747
3892
9807
6262
8745
2010
8360
9813
5931
3012
5828
6268
6112
1083
800
3626
4691
9055
1954
181
3435
1807
6746
1127
8582
4890
6505
7211
1985
9526
3576
227
8184
4736
9204
4918
9023
1913
9322
6038
8754
4279
8339
2036
1618
3956
3237
8942
7384
4486
6276
4256
7572
5022
1527
3984
7748
1859
4662
7682
8233
821
8553
3690
8778
5362
9499
7496
2099
4318
6606
2826
947
9973
6576
232
6964
9840
6875
7985
432
2360
4101
281
8707
948
3347
801
2611
4666
9085
7167
2016
7133
2421
5908
2016
6229
9310
1992
5873
5429
6111
3913
6972
3439
5432
4512
8277
8915
2502
9835
2847
1424
2418
8835
9857
5422
7343
8315
1380
6681
7835
2028
2615
5742
1535
7049
6269
3744
4717
9012
521
7484
1318
3882
9064
6464
3249
1550
7963
2488
7968
3512
4524
8259
3039
653
2677
5203
6925
7694
9056
8857
4896
9462
1636
6543
8852
529
7421
2533
9094
7385
2346
6635
5548
4302
1691
8887
3253
3121
6606
8827
5494
2568
1812
2773
64
2411
5196
3350
754
5791
2601
4426
2489
7686
3076
4527
3289
4579
968
5392
4690
572
2407
4159
6183
9925
791
6556
5580
164
2987
9018
3095
9808
9634
7229
9478
5478
3131
7713
1706
3441
8313
9855
6168
3942
6766
2972
2122
7080
8517
4867
6993
3145
5016
7108
7971
7734
277
4339
5855
7564
1224
8910
344
1780
3327
5004
9128
9326
7928
7214
9871
6852
3801
4111
1832
7629
1888
532
4540
8199
5443
1618
7145
4747
5490
4783
130
9899
9938
5491
8484
2573
8616
7704
9876
5633
3304
9223
3885
211
3566
3422
3994
5294
8476
5482
9326
9067
6653
6708
6667
6712
2625
9475
902
5396
4402
9331
9663
6493
1992
5785
225
647
1090
7330
9449
3280
5407
8493
4846
6943
6587
8917
4111
3271
1748
2003
1246
1429
3770
7420
9595
1861
7658
690
2980
9919
3920
9918
878
1835
182
8889
7026
8163
3083
620
7121
5167
5087
3522
4767
5730
3120
4745
4886
5167
4319
9630
9657
8460
7509
2434
2553
4998
3104
3237
1682
2162
1701
1359
6175
9573
7084
5107
2402
9754
9910
3476
6753
2147
5306
293
444
8650
6120
6078
99
3675
9432
4422
2407
5326
1230
8959
4623
134
9585
8298
2676
4678
4758
7068
6991
2052
7831
821
7902
139
6082
7680
965
664
2783
1794
1579
6719
7244
7312
7843
7117
8264
3828
6631
9153
7518
8053
553
9560
1930
1519
7753
688
6222
7330
730
3533
2840
3913
5962
1437
2943
9688
2098
4187
7609
3445
4735
3010
312
2392
9738
234
8959
4269
5684
7301
2219
3465
9736
3491
9550
8114
2409
6013
9543
8102
4627
6213
6443
2810
1135
4107
189
9835
5885
9589
4313
4611
2671
2873
4521
9610
6328
2281
2680
3068
9116
4646
3399
7761
6636
3208
3749
2049
5696
280
6346
3852
4870
1716
1696
2455
8215
1928
6053
2844
6894
873
8278
5916
4286
4325
4011
7772
1110
3446
3262
7862
4662
8347
2807
6454
874
7416
9639
671
2282
492
3250
3451
9136
13
7880
7840
3827
6177
2150
5261
4839
7902
9409
4134
7726
9009
6874
7184
9283
1411
1699
3433
4687
7260
5050
6473
5480
7160
5838
6873
7078
8665
9668
3475
7713
806
4964
1949
9697
9868
7635
7444
8011
7001
2888
3607
3894
6937
9519
6218
4442
7744
1786
7127
8987
2535
5417
7100
7057
5109
9531
4388
493
6893
3217
8360
2256
3788
8629
1155
3963
8637
358
2858
9320
4189
3546
2991
6288
2738
1153
7496
2258
1088
5285
1920
9967
5834
7490
8567
6870
236
9006
9791
6957
85
4458
6738
4529
9657
6380
3379
5958
495
6323
1419
7525
1280
1613
1801
8862
3671
7570
5804
9964
9319
7702
4333
4238
9931
9467
753
2171
3365
5753
1104
7746
873
6827
7639
9592
1553
4481
3726
3717
25
5670
5774
7094
634
1947
8385
4653
7933
9418
4400
8392
1676
6146
9967
9971
7877
357
2207
6182
7967
7899
448
6059
3565
5717
5429
3732
2328
1753
5526
5892
6852
9751
7789
9334
1492
3623
7442
4905
1778
8977
3252
5689
8059
3642
6129
1474
413
6935
9707
1873
9605
9917
8600
9713
4271
3006
9025
9326
7592
6732
6600
7336
2361
3933
4871
7721
471
7706
4407
9371
5953
8657
2502
69
7455
196
1636
9776
761
7941
9186
6088
1989
6018
6218
6022
561
3328
2934
8622
9873
562
3955
1081
427
5672
8173
7820
6527
1876
6702
4248
932
3331
4252
6398
9228
9014
6421
5054
9445
2257
2753
1463
5890
4036
8828
7228
1776
6452
9642
3557
3629
870
6518
1870
7958
9999
3879
2439
1557
8070
6246
2961
6108
9206
7900
2646
1285
8947
700
1140
5456
3567
8359
5287
9841
54
7537
2644
8676
6966
7801
9194
9100
1668
3990
2391
4115
6685
3499
3458
7190
2402
7412
5075
6649
2250
7870
1570
1559
1007
8937
7149
8094
2635
2189
5357
2361
6156
9646
4198
774
295
752
2966
9219
5688
2869
8067
9184
828
8821
9903
4222
677
1271
1319
5611
9370
2299
6961
6644
6790
4504
8761
5849
2027
8633
8357
964
4303
5581
4204
5275
1016
9389
7810
1433
3873
3620
5395
6425
7833
7481
3115
2291
4989
1151
1623
7519
2564
7222
2257
7771
7856
5213
4761
1314
6257
6812
6269
2018
2959
5329
1811
1160
1387
6018
5781
9802
7676
4924
1677
2895
4469
8886
9204
3714
9024
7157
8349
3317
4924
5336
6601
4104
545
9530
3091
2223
9863
6929
5064
663
177
9010
849
7343
8147
6409
5224
9554
9735
9570
3950
5139
9046
5116
1570
4345
15
8747
5691
6115
8922
4384
7153
8165
2878
8559
4920
3770
3478
6526
5937
7872
9413
5132
5351
2837
1636
295
8988
5576
9102
3806
1327
6770
8655
3048
5877
9419
7342
4696
183
1262
8342
3324
3931
564
9605
649
7635
6401
2657
6252
5440
9015
7702
6162
1910
1716
1759
9885
3022
2824
3322
3206
9892
6435
5575
7169
5452
8714
8741
788
4405
5477
9354
8576
9780
4614
2400
319
3154
4677
7805
7173
8331
9960
5487
6566
3706
1061
805
1887
1853
8122
8727
8838
27
820
275
2023
2125
6708
3359
7435
9097
7006
4761
1817
6486
5384
2909
6032
7003
6864
8575
682
6454
2786
3816
1341
2864
2782
3978
5822
9791
6920
4789
1497
369
9457
5500
7932
8115
3002
2580
246
8508
9011
4659
6543
5269
510
4538
5651
7787
6056
7941
195
3867
745
256
9390
6596
9260
872
5247
7832
8201
6051
2980
405
6208
4330
7613
7666
1540
414
7169
1003
2347
6283
1720
4628
4909
3627
475
8738
6855
8055
3376
4473
3942
6740
539
9325
7189
3929
6254
8378
8443
1797
7525
4632
8848
9932
8625
9918
60
7996
2445
8265
4989
9899
4785
8271
9158
8602
3015
3417
6570
1187
3968
8398
7
8880
6378
3879
4512
8815
394
891
3301
1727
3147
7178
9533
2287
6139
5909
5912
8202
5414
2857
6782
6562
7364
2695
126
7117
6267
5805
7351
3433
3542
3153
5420
7044
2604
9604
5322
5022
1877
5424
1916
9451
223
533
7130
6223
8576
2127
2878
9457
39
5914
4666
8937
6476
8750
520
5314
7174
9856
9225
153
7987
3052
482
3090
6366
1316
8308
6482
9846
5980
2042
1885
3213
655
5560
4854
1985
614
7225
6474
310
3392
15
320
610
7149
6989
1508
3524
3970
7973
191
551
8374
1595
1362
3174
9979
1685
7252
4743
9564
4627
4251
1179
524
615
9371
9219
5475
4357
6813
5426
9111
8045
535
4357
5029
6552
4252
7901
9958
9908
1656
8848
8153
8883
8479
6546
7386
8251
8574
1206
802
3980
2772
2349
8684
464
6442
6664
1773
3678
5968
5500
5628
4721
260
2412
7145
6608
7886
1483
5978
9930
4026
6403
8239
258
694
7526
2080
3342
8567
2207
888
3172
3054
2723
3588
9167
1172
5409
8912
7201
3389
9295
2267
2041
7469
3496
9792
8006
5288
552
1449
2527
2637
2996
9350
4929
255
7888
5771
4656
1557
4320
6119
4421
9570
1969
3980
7352
3420
3534
5766
2835
4637
3070
4870
5470
7210
5975
2283
5096
6891
8453
3425
2926
4377
5719
5598
3374
2715
5454
4264
7987
1449
8164
3181
929
4020
8302
8191
6913
9523
4937
4678
7665
7128
7796
5462
1394
2934
9452
3762
948
6844
5785
2571
5361
3307
8009
8756
1622
8832
1611
8307
9277
3733
6063
3857
393
9099
834
9762
3789
5157
7126
5632
9996
6806
1969
3127
7348
7593
3045
480
6435
4623
1842
1272
3017
1013
997
8190
5062
5342
3207
9949
5868
7299
5120
8872
3278
1776
6814
7568
1077
8280
5632
981
7014
4892
5090
2682
3375
6730
8767
4689
6941
3835
7729
5943
1363
3451
3528
8132
2785
3630
4588
4511
5936
1967
6878
1010
5036
3268
3948
6560
1881
1616
500
4801
1042
3298
801
4729
7793
4400
5970
554
2761
4561
5044
5688
6156
3918
6657
3393
2828
5616
3472
2410
7297
8671
8366
909
8979
1199
6669
3167
5151
7657
1209
8473
1760
4919
2988
100
227
6145
3755
8733
2838
4971
9793
8106
8159
243
7114
1259
4192
6772
1218
247
9161
4657
8995
217
2917
6373
7303
378
3733
8076
617
1629
5486
8713
9669
9796
80
682
2945
4798
144
6070
6304
9093
6238
8775
8396
6713
3053
4489
7360
5446
7200
1015
3975
8450
2045
7943
3370
501
7962
7376
7335
3655
7648
7959
6838
2518
8961
5475
5642
3716
2990
8015
5144
4852
355
4019
9337
20
4017
2338
1207
7179
7464
4841
8243
3845
5791
5894
9270
9403
8209
714
9975
6686
1622
4784
4844
1847
7319
4072
7415
7774
5560
760
8679
4026
4067
3747
2182
9544
8666
5213
5205
4415
7824
5212
2899
3378
9894
1397
3729
4194
5973
2541
8196
6110
6839
5149
444
3077
511
9448
2584
7707
4074
4551
9404
4450
8024
2992
4945
52
8441
4211
9441
7313
7575
9693
9392
5586
4404
3258
5866
8850
3720
7830
6490
9772
4107
9579
3055
9980
1187
8419
948
1323
9728
9626
4978
2409
606
6598
4624
4357
4546
9203
7352
6691
2730
5334
2988
1413
2519
1437
4936
6719
4422
4299
4897
862
8064
5299
1853
5941
4805
9314
3523
9644
2386
2779
699
9450
8056
4661
7961
8483
5381
770
5782
3274
2280
1069
3636
1932
3024
5494
7121
3848
5281
2301
1521
9445
4498
9683
3038
3989
8111
1228
2793
3548
2958
1036
7030
5088
6571
7192
3008
2076
3753
5983
2197
6329
6119
2324
7859
7878
3274
9935
2244
8798
1085
7813
458
2092
7682
8642
636
8171
2750
8111
6078
3222
4383
3472
5952
8143
3281
8227
8218
6123
2143
4323
2777
8977
8082
4163
2652
1117
3840
8665
4960
1946
5725
9881
5797
7868
7501
2710
2563
52
8203
2722
6662
9004
6417
1924
2410
5005
5263
1720
1459
1892
3043
5820
1342
9622
8437
6867
7943
7004
9405
4996
9091
3416
5689
7981
2211
753
8495
3465
6290
1469
4262
6146
4656
7239
1098
1440
9414
2571
1555
5260
8732
9031
3616
2488
9725
6963
476
9471
9121
9277
6276
8585
4810
7418
3206
9989
9321
102
1660
5968
2432
8071
1859
7139
2115
4070
9772
6457
2094
5534
7593
1706
4721
4755
954
4101
8636
529
2294
975
7790
9188
2670
5647
8150
3033
2888
8070
5595
531
8130
2828
2744
5046
8261
1258
3428
5186
1072
853
7655
3041
1591
214
2015
5014
5603
3021
1130
6848
9374
1319
8250
4210
4135
6681
546
7642
2637
7264
2880
9763
1031
7201
3547
1497
5972
7320
8035
5919
4462
5137
3662
1949
622
4426
2759
9750
3872
3670
9023
5265
478
8569
2992
9560
872
9128
1210
2409
8772
9228
4706
8489
3505
5477
173
6389
8538
9012
7465
8001
8491
2183
5446
8839
8063
5599
9912
7725
5325
4753
5540
9553
3257
7763
5494
5701
6015
1469
6299
7120
2740
5571
9960
5417
336
9416
8798
3556
5594
637
5321
6865
8471
1836
2645
7223
5619
538
5950
3305
7786
1715
8883
8347
5698
4554
5486
7493
1913
3319
8983
7540
7297
306
9362
4490
7690
9884
335
9828
8782
7714
1596
3327
9445
9960
8007
3319
260
7717
2141
2016
8226
1535
8320
4555
8125
2722
2736
7716
2740
6159
834
8132
3155
585
5980
9794
3089
5917
7638
7158
5673
1152
6735
6969
724
265
8396
6806
5516
4600
8392
1690
1761
4401
5207
3867
7932
9125
4963
2770
6101
4747
7140
8129
1186
549
9708
7844
9083
2222
3144
7502
4492
1795
3885
2224
738
713
1858
8237
1753
4521
6731
5390
9402
1557
6798
4011
5131
5411
6534
5850
5779
8660
8088
1687
601
7106
8391
4832
1255
4613
5302
1526
5492
7226
3309
5656
2577
7336
8734
7408
968
9814
380
4999
8790
9959
8477
5882
58
6333
1258
3697
9280
1165
3689
7917
7590
719
4437
6415
7656
159
8816
8654
3727
6940
5814
1695
9833
2168
3885
6706
9281
7180
767
2464
7040
190
7976
8073
6870
2221
7994
4626
8220
5578
356
7911
8272
4472
8717
2725
9910
3274
2585
6820
2205
2026
632
5248
1518
526
9163
7001
7737
6657
7863
8444
3815
4452
146
4888
334
1677
9761
7123
5663
5345
7516
5825
7044
1737
8021
1949
1606
6880
4557
1909
5430
7675
7174
1925
5896
3616
6929
7358
9304
6850
4461
7624
4664
6688
7849
6139
2920
2295
5852
763
4801
2358
2608
8429
1939
4935
3767
6487
6901
5563
2849
7960
7387
9212
4657
2013
8705
6296
6259
624
5284
5208
2968
1375
3954
5979
685
7313
5864
3531
323
9822
4632
1101
7372
4227
3659
748
4857
8323
3052
9647
9487
8652
7309
985
9636
1156
761
164
1424
5425
5714
630
7823
3400
7401
1558
9800
3647
5117
3408
9640
7739
942
4109
3324
5291
8234
525
9858
7980
6679
5798
5494
7480
6553
6993
6523
7922
1668
5142
2120
4327
6327
3809
9484
7729
8589
7487
1883
5158
6100
3598
101
4
8930
7849
9188
3708
9903
7953
8968
5756
3775
5978
9807
1552
5653
1830
4280
1874
5289
9514
3037
754
9969
5678
1014
9428
851
6162
2480
534
9207
3746
8865
8871
241
6245
5238
2381
5621
8820
6364
6532
4416
3508
1790
4614
7801
4184
7630
4918
3110
9537
2312
9728
2730
268
165
1747
3562
895
6275
7310
2171
2302
2737
1391
835
590
6657
245
7688
9688
8460
4366
8670
8494
8264
6640
36
182
8123
4779
2809
6605
9374
5884
1656
9124
9631
1061
4896
589
5534
211
8143
9790
804
9080
3164
543
4444
8750
1101
2286
6006
2096
3731
418
7640
9712
2144
1852
8131
2849
8640
231
4487
9914
5237
1697
2950
9383
7037
1144
1941
7844
306
3588
6121
5748
6364
8933
8801
3907
6172
3015
9393
6843
7021
2440
2105
6502
7589
6336
4236
4684
1123
15
7612
3493
2522
4405
1707
9899
9545
3411
665
6818
4055
5442
8545
1600
81
7945
723
8193
854
2543
9585
5928
795
9241
1514
8914
8214
5057
3165
9166
7800
2981
3106
4343
8424
258
5155
4441
4248
8495
9402
4199
5809
5598
9080
3896
1230
1499
3530
3714
377
1278
1622
5091
6947
9231
7202
1371
9210
5021
509
6812
2686
8039
5646
302
8702
5123
7326
8357
9892
1943
1675
4669
4967
9104
3718
6125
2416
2518
4270
6849
7531
9450
7801
7837
2283
4941
2863
4661
2462
4969
2921
7808
5210
9053
5040
3459
7893
9103
8131
9570
99
7034
9143
8026
5117
4568
7777
9670
4972
5588
4964
6967
1981
5923
9984
4840
20
2209
9654
2470
5083
3983
2342
418
889
2043
5254
9638
804
2909
6430
6681
8726
6413
3781
2755
5921
530
2528
4743
6582
5061
5992
8598
7077
3639
5285
4946
5372
8390
1524
8589
8820
7952
3561
7570
3739
5549
3182
2105
8150
3482
5067
9783
7179
1896
196
7150
7165
7997
7175
2079
8880
6200
1570
7779
1578
2683
2104
8159
2144
1990
1803
5808
8098
4866
1545
7299
9813
6158
1253
4794
5889
9706
4480
6836
7511
5973
1285
5603
660
1762
4901
3611
7870
5365
739
8212
438
5010
9403
3415
7072
9695
7453
1107
2239
6382
3685
7616
1163
223
2862
9994
9047
5314
5692
3798
9662
9759
4734
4904
8665
5139
433
6331
1536
3470
3874
3789
4275
6115
2155
8540
7764
2350
5231
5787
9786
2638
4535
6403
4938
6370
2872
1528
3213
6828
2894
1669
232
625
2024
4900
323
4829
939
4781
3805
8537
1218
6504
7559
999
4466
8985
8324
7525
8042
5623
169
5299
7980
7911
2683
8919
2818
6190
9151
5856
7951
5873
8616
2836
4570
9687
6060
8611
6907
5978
8183
5296
8388
3359
9965
7835
7693
3569
5278
8586
3328
7243
3547
3544
9084
5449
6472
5652
4716
5660
4393
9163
9539
7158
3188
1281
1139
9830
9258
5454
7429
7457
2200
9691
8157
355
7986
7268
8328
6847
3443
6311
573
6087
1986
6327
1844
8520
1775
5755
5291
1576
2584
6730
4380
644
1677
1993
4890
662
2058
3696
6410
2129
9172
3135
4492
5418
957
3173
9531
3922
5766
113
871
7926
5719
9392
6921
3810
9915
7121
7073
5987
2993
3566
5586
3060
6282
140
7150
8792
5158
8417
3383
3750
5010
9773
8042
7038
6265
4448
8222
9334
2994
8480
7756
4634
7220
3682
5773
7969
5598
7378
4463
7403
4366
3278
3354
3408
3841
1801
9854
8218
357
3502
1033
8072
4775
8649
5346
1498
7939
2527
2452
7484
4550
378
3571
8162
9269
21
4037
5703
1866
2354
6759
9936
8118
1307
3438
7741
9063
1002
4949
4247
6482
8167
6128
3145
1241
4249
4639
701
4014
7978
3573
4419
4795
2926
7903
4615
4042
5089
8051
492
7573
2990
5321
4655
8430
2973
7857
2722
2550
3104
4560
3182
3723
655
6921
7142
5230
542
912
4766
1647
8420
8310
3772
3554
6781
3777
526
3411
6224
1280
3814
2603
8875
2695
5154
3235
1944
6235
2989
7305
5304
7571
9682
3219
4914
3059
1121
2067
9779
4814
2273
4245
3391
5556
6213
3682
461
3620
3778
1684
7017
4153
730
3256
2990
3048
2431
9171
7034
9286
6734
5545
7400
7112
3105
1610
6399
8291
7374
7172
5225
2449
7914
6803
9402
6262
5350
992
9658
6921
2630
5875
4070
6817
8712
1562
9785
3603
5556
1004
1283
9458
6062
4516
7420
5878
2142
6811
8666
5768
2043
5168
4255
5252
6982
5579
5239
8436
4604
68
1375
6329
5405
6563
1089
59
9126
7429
2106
5717
4238
900
7724
2707
3187
7498
9687
2476
7627
8665
2278
9935
4376
4101
7698
2385
3523
4857
8391
2882
362
2155
8414
6439
4298
4625
5373
795
8460
7402
6052
8261
175
2322
6989
2670
1104
6748
1871
4618
9087
2996
5286
9845
7928
1370
9368
653
4771
246
763
9792
5384
9140
6685
3633
7742
4419
6405
3892
5699
2475
774
6694
7798
5763
5340
2137
7068
8620
5662
6883
6365
4423
9730
4229
918
3334
9958
2756
3270
6788
640
4133
5613
1516
3591
3499
349
1550
9111
3614
6190
1520
8512
6581
3397
32
4372
892
6243
2112
794
8922
9772
6831
9307
184
7712
2219
1364
6214
2150
6394
6297
6562
2898
5493
9126
3004
4064
7719
7655
3395
403
5605
5488
5749
3931
4908
2135
3318
6906
6763
5493
6813
1134
2686
2234
9446
2295
129
2194
7710
5478
5367
536
5823
3409
9414
2620
2991
809
2654
6696
8650
431
5644
6217
1515
4520
115
3281
3935
7910
505
9888
4259
3058
958
1582
988
4578
6251
3957
4418
2074
4229
754
901
3144
7182
7550
4705
7116
4724
6336
5910
9533
3313
3098
6509
1614
9909
8202
8269
148
7367
5536
6995
5257
4362
1114
6589
774
3399
484
3961
9586
6731
8502
5426
3161
1020
3930
2387
6350
6540
340
2280
7228
8415
721
4803
7594
330
7052
6457
8951
4927
2645
5729
4701
318
498
5338
5513
4482
7193
7366
7368
634
8361
8327
6752
6205
149
4662
2497
3181
1596
8863
7854
9886
6831
7539
9951
8798
1174
1669
4334
3604
1367
7040
5894
2131
9552
1928
1823
2726
852
6849
9358
8749
980
9859
5482
7161
6317
8381
2056
5561
4420
150
7239
606
6836
4128
6998
4684
9333
1805
4672
1909
5799
3736
7355
313
6996
8040
5094
3788
5355
6292
691
8846
9209
6624
5916
5668
834
8193
1030
9044
7804
3401
2382
5160
8559
4602
7483
836
8376
296
2831
5283
3864
2946
9609
5343
920
8268
2995
6997
1565
1955
9468
6403
9711
5085
8621
9838
4026
5910
6795
344
7782
7383
5008
2743
923
109
6834
3619
8460
1252
1795
8141
9642
3784
7497
5905
4796
2235
848
8478
4753
4584
4171
581
129
3259
4281
8295
3472
2444
7986
138
9114
4688
1254
4982
9814
2215
7379
1994
4051
7286
7796
349
7732
1900
1695
8185
5102
3286
7198
6849
9161
6552
2395
4382
116
4045
9706
7839
4807
5989
7180
5537
9659
331
9954
6971
5293
6579
4466
8581
4917
4156
4431
7577
1450
6385
7087
9548
9608
1279
1353
4691
401
1820
1151
3631
8517
4489
6073
1429
1886
8508
3130
354
83
501
6023
5335
6132
2257
500
1589
2001
320
4064
3867
187
9736
8745
3867
4741
9695
6551
2219
3768
1765
2023
7779
9055
6870
5987
9566
2581
9524
9623
9407
7871
8996
3242
8956
8914
2640
3487
4280
7547
2232
3201
7057
7229
6888
3104
8331
9776
5090
3911
7394
4444
8091
7913
5427
1653
8922
6899
3480
9658
5377
4041
8012
9406
8482
4322
9338
4418
4074
3965
873
1880
9427
3147
5125
915
2397
9468
4831
5168
1689
2025
4718
9155
1491
7162
8267
8825
5471
6318
267
6150
9893
4436
1803
4955
2306
4640
119
7716
4374
5269
4066
1799
7959
5258
705
742
2101
9168
7136
2347
9286
329
8674
4202
1569
331
6248
318
1161
7771
2992
4090
1347
1854
5137
2449
9480
3377
3939
8033
4650
2151
3571
7472
2075
1526
4999
4619
3677
6577
184
15
7493
2697
8013
1815
9134
47
8963
5312
3999
754
209
5394
3614
5551
7933
9571
6016
112
6455
4069
1696
7732
7007
9707
653
9042
825
5086
746
753
2319
5511
1801
5521
2853
9154
6420
7502
5611
6288
1375
5749
9154
7459
7288
5413
531
3912
2218
1617
2328
7400
5745
8906
899
6740
2704
465
305
1689
9005
1451
7127
1314
9642
6032
5389
3617
9676
9042
942
6737
4241
141
1532
7932
6132
5545
425
1943
977
2331
6644
5216
6800
4057
328
8886
2317
7347
28
1941
1841
2441
9186
3595
7319
5401
1017
203
6820
2458
670
4846
2456
1440
4359
8374
78
81
9930
1997
8570
2382
729
4519
2941
8059
8259
9868
7406
7566
8493
3715
328
1455
8965
6325
4167
8628
4546
3138
2759
1682
5225
3240
6527
3596
8344
2536
6341
2985
1310
1615
9371
1679
8847
4719
6252
9567
9743
6641
9632
5585
3019
3685
515
4737
7560
5873
7351
5799
7137
4140
9442
9304
7603
8808
8864
2262
9343
5937
461
138
2766
7884
1441
5236
5598
2330
3519
3710
7792
8652
9878
6067
8596
7139
6223
4056
8588
7258
3781
8244
3570
7187
8117
1957
7029
6758
1750
3909
7302
9155
822
4015
9062
4389
9459
5280
9342
7924
8484
4215
1946
3285
7499
2694
5060
6771
7976
1328
8979
3346
9871
1499
4023
1761
1631
7433
3675
4041
1932
1990
9416
4538
6122
8406
9680
3445
2863
8287
1997
9414
9054
2739
1599
8966
6791
8947
2555
1858
2935
387
1160
7833
4360
5422
6761
3150
3544
5661
6153
5116
1213
9920
5237
4472
1478
3250
437
6203
919
9282
5000
7964
2162
1810
226
8486
6187
665
7843
1250
2059
7665
5750
5292
7220
8012
9699
8509
2722
7994
7137
2241
4788
2540
9092
2217
1273
7030
7980
6890
7065
7872
7963
5255
4268
9031
3252
2366
4582
1129
1296
4080
7029
6149
4810
6172
8715
6537
515
8659
3461
8080
6337
8812
7519
4659
9256
4248
2837
6451
2480
3732
6978
7623
2900
8151
7290
5039
5751
9068
2262
3232
7285
56
1306
7845
9432
1968
8477
1050
5222
9210
3095
6683
8039
7040
9359
7987
131
1509
5467
1220
2761
6549
2295
8312
3128
838
7855
7202
6026
9507
455
5258
5113
6784
2721
6776
3122
2254
4873
9182
5841
363
2994
9838
2242
942
1800
453
2844
1024
1780
9394
9281
7459
6604
5911
5266
7049
5105
5746
5807
6224
8053
1308
1713
827
1416
3294
5831
9340
5270
1411
8048
8209
4510
5980
3918
1732
8409
9478
6277
1349
2389
7964
6823
2922
9317
7809
3176
4851
7167
268
6711
3293
986
8616
4590
7201
4030
6320
7855
9157
1729
8644
8151
9961
9711
7531
8862
7745
9366
4179
3649
1739
2617
7282
4971
1727
4653
5610
2286
1211
1779
8835
3730
3122
7427
7374
3139
2505
537
9823
7705
7743
692
7166
2469
909
1757
5414
238
8576
3073
5731
7978
7403
2118
3887
8103
3932
8058
1219
1471
4211
8435
552
5174
4374
36
2568
9359
2502
5842
7250
7935
4171
282
8481
1742
5505
5892
7068
9650
1852
3187
4728
2809
8156
3689
7916
1805
5006
8658
9590
8198
2322
8790
778
7332
5003
678
9780
616
4572
4997
6205
9557
52
9710
8511
4401
2869
69
206
6810
3915
6841
9744
6120
4318
1681
6457
1855
490
6267
4360
3356
9893
5011
2587
7088
2901
7889
5782
613
995
8356
2168
5590
109
3065
5047
5746
2508
1264
9925
7108
4460
4239
6710
1317
8091
8696
5482
27
9448
3694
2669
8303
9879
2077
1468
365
3825
2563
8959
7833
7160
902
5175
9773
1980
1693
7941
2681
7589
1205
7903
5680
87
3071
439
1684
7179
7808
8460
135
7743
7406
372
4753
6689
4612
756
5914
1326
885
4002
6582
3189
8705
9438
97
8376
2862
9694
7189
1998
2653
1806
2000
4120
9981
4514
4641
7794
3375
2893
6028
9324
4075
4471
8464
1078
1063
7255
5381
7370
6802
4051
4523
9107
4546
9287
4424
7371
7798
9958
911
6470
8380
2276
240
8641
6824
7972
3621
2701
874
9798
2080
7136
1183
4850
2885
3456
3116
839
1639
7647
4588
1712
449
5466
696
9612
1458
247
5138
2435
4212
693
8130
6864
6162
9280
4592
8043
5714
5751
4875
3626
4684
9126
3608
1936
9646
9848
4517
1948
4564
1995
5487
9415
2183
3613
7506
5767
6832
1731
1426
8361
1274
3284
1622
2568
4777
8830
8609
7021
2509
6466
8585
8507
1089
8029
6235
9512
1924
7132
1245
1683
5521
2719
8550
7686
686
4980
766
4099
4231
1807
6636
2237
6579
1702
3265
9374
4218
6594
9809
3714
7825
8771
3293
5399
9183
2251
8358
8622
5015
5365
4393
1512
731
3558
567
8749
2391
6526
2202
1610
6183
7809
3959
4554
1853
2389
5181
1867
2950
2133
7078
6119
4647
600
3542
5478
2500
8262
3404
9535
6411
2739
4506
9242
8599
3275
50
5118
3726
9413
7108
4600
6095
7562
3764
6236
2706
8056
2717
374
8318
1315
4417
5414
1542
223
7768
8255
2891
6668
2093
2764
708
1422
7362
6628
3991
8822
4749
7907
5554
7145
4761
8482
96
1733
9833
9521
6429
8358
2745
2273
2936
9943
2188
6106
7452
266
1780
3723
8306
5684
4778
8962
8595
3688
820
2229
2811
7785
158
2655
5635
9176
3995
7504
7440
8682
6756
8214
2227
894
304
1535
376
8193
5473
1419
4811
1658
5676
7065
415
654
3210
3791
5110
4916
2460
6433
2125
9650
9092
3734
575
4605
8393
2252
1356
1845
7177
1332
3610
2954
7308
758
2832
841
5740
1534
8712
5705
3587
7190
1072
497
3693
9736
6429
4589
8424
2588
9973
4822
9581
964
9594
2869
4981
2711
456
4826
386
1905
7516
8707
5723
1885
8984
8661
5313
1688
5805
6833
162
9865
5659
3623
4201
1496
3155
7483
9165
5995
6813
4336
3802
4299
8952
9323
5456
7565
7973
1745
9102
597
228
9331
7032
1098
8557
2497
3482
3731
3160
2977
3319
3772
4242
6764
8867
2827
1396
8833
9447
5952
850
1469
7689
6051
905
7916
5265
2090
4019
4702
5631
6191
6047
2307
498
3790
4532
5539
1060
7438
2266
6911
9436
3652
8365
3764
4102
1876
3906
9339
9488
3918
1973
5802
1013
1703
4367
4262
7841
8026
1355
9189
5066
4904
8324
3653
5356
7365
5445
1002
4070
498
1915
6485
2267
6808
5586
1828
9670
4580
6015
3481
4185
3053
8363
6326
5428
1074
2680
7682
8287
6549
2799
2
8383
3105
8870
5672
46
0
9678
3951
7420
2920
921
9412
1414
1892
6965
9924
8006
2183
5277
382
2932
8961
9402
6732
7017
7558
1779
162
315
501
4736
9123
4203
1522
1120
3016
677
8749
6212
6345
7179
1137
4155
1338
4038
2704
8582
8316
2296
6736
5766
2794
6729
1766
4796
6306
3449
6631
5540
1697
7304
8661
3882
639
4602
6262
9606
4958
9584
4816
7336
727
254
9019
7222
1617
5144
4087
4648
9184
7722
8371
7016
9842
1245
6644
1217
6972
2914
7876
8031
6303
1933
3566
1013
6197
9474
312
8962
8216
962
292
201
4332
5463
5358
7933
7652
9771
8014
4955
1781
9680
5151
2377
9583
9798
7555
9471
2482
6212
2945
4140
3358
491
7582
7326
6892
1288
2520
1388
9605
9551
2024
319
2122
9008
4270
1367
2992
4532
852
9833
909
2763
3188
5836
5890
6858
910
794
6058
2752
5740
6343
359
3002
4141
1163
5302
1682
1025
2358
7954
4679
7485
1147
7382
9049
8301
7515
482
5680
6578
9903
2261
485
9456
2198
581
1287
635
732
8360
3260
1088
9764
9087
4763
9255
3441
9619
4421
7129
6777
3127
8834
2407
6310
7337
5377
3059
5010
8578
8243
8239
7551
9306
4674
6465
6394
7461
8795
5649
3719
7646
4658
5843
106
1048
1604
9016
6748
4541
2153
9197
2556
2924
6872
7096
1358
9363
6152
5176
5900
6436
9691
7257
6959
5725
7200
6559
7538
2832
8074
6209
6357
4548
7026
2823
9992
9853
3
2089
6168
6568
1091
219
4842
9943
4734
3064
2069
3152
1789
7850
2175
702
7827
2499
4960
9550
642
6618
801
9679
7644
960
5286
2340
3825
9501
8809
2737
8709
8989
7961
4963
3112
3363
6074
2873
9947
2418
7387
7465
3474
1341
5871
4805
1155
7512
6078
4751
4325
3153
300
7531
9556
6714
3206
6051
5494
4319
5732
7513
8131
9738
3752
2677
9338
5280
2686
6011
4005
3702
3864
2877
2755
1489
8916
7519
2887
9055
6059
3236
5076
8285
7571
8232
2860
3595
1216
2554
2538
1732
8601
5820
7578
1144
5939
5675
9947
4839
1934
7366
3749
1933
4544
1986
7061
3545
7397
2755
5367
2992
2802
8
159
1286
7367
9679
699
2085
3254
3758
6656
1629
5536
2553
8412
1853
2651
9920
154
4922
5046
7832
3493
6673
288
1846
1066
1207
6395
3529
3847
9236
9323
5311
9394
5665
7114
5018
9615
1601
6040
5574
3046
8047
3956
6971
1799
6809
8884
9364
8214
5983
873
5146
4336
3127
6982
5511
4983
1776
6976
2508
8787
6625
8233
9059
4426
2206
2733
3267
8415
7546
1015
508
5162
3577
5726
6342
2763
4686
503
1855
8462
4149
9284
3507
8758
958
818
5678
4490
4925
1266
630
2430
7044
6171
6672
3877
4536
2608
1506
6768
8774
3949
2279
6948
6613
5526
6282
8106
1076
2869
4328
7200
1372
1610
6048
5410
6160
2631
7527
4551
6741
3328
8773
7938
8188
3056
8809
1461
3816
3289
6700
5219
5649
3429
2081
9708
8333
2389
7334
9328
6631
8583
4786
9972
828
1367
7953
5158
6926
3728
1274
8118
2304
2730
7920
9004
7011
171
7866
8350
7988
6340
1355
2570
6117
567
969
2175
593
6687
971
1107
5928
3499
6597
7079
708
7984
6395
5830
3299
7101
6451
7846
5462
4208
4516
8405
9191
1678
9884
7359
7682
2945
1552
7469
774
3257
1648
7099
3877
3391
8522
2578
1674
219
5000
2431
4198
271
1221
6704
2313
6505
3307
1631
8343
6946
5916
4382
1136
1618
1696
6207
7940
7356
3424
2922
4465
3685
5162
4788
6328
8095
7490
4158
3553
42
490
8528
8352
9442
2542
4567
779
8342
5264
3980
3905
8335
7834
6087
5136
1509
4320
6771
7049
868
999
7786
5742
4927
2029
343
8997
1275
6041
1268
7215
4032
6473
3769
4689
611
9001
8360
2451
3468
2543
1980
8653
2416
5616
2824
5798
8495
5729
8099
8235
4225
7125
8933
6739
5428
3015
3178
8376
5099
1037
3621
1208
8534
4875
9613
8075
8735
8411
5641
2927
5855
4743
4160
7398
6670
8515
7280
2593
961
3975
6241
6780
8737
5282
7351
7555
515
4163
5544
8144
3914
1859
9976
8393
1921
2005
2163
3925
2777
9504
5470
3217
3579
4398
1272
5837
3883
8579
8089
4769
3296
6530
614
9144
988
8034
4283
7682
6414
7484
8940
8750
2597
187
7185
7798
7532
9416
611
1213
8843
6080
8745
2361
270
4092
5025
5145
100
9851
5576
4920
4328
2441
157
3582
8032
9380
2613
1951
9985
6406
5359
4213
8182
1620
5469
8414
1007
2865
2466
98
2026
4148
4364
1257
2420
9350
1619
8891
4327
9987
2354
5800
4986
8276
3216
8137
9446
944
8797
2443
1376
6275
8406
8983
7065
1425
9111
3039
8778
4157
226
9688
2082
3825
934
5813
588
9778
6602
1873
4902
6478
2598
2491
1696
934
3908
4265
672
9995
3540
8646
9820
2357
820
4175
7563
4373
2121
5357
5960
6363
7604
9627
7267
7197
1537
2949
2298
4909
463
7977
3376
6892
9755
297
216
8200
2376
4375
7177
8109
9268
8450
4218
7655
8246
9941
4647
9317
1654
5881
599
8479
7491
4518
9341
2298
9375
6778
3459
8248
4194
4357
2823
2730
7765
3374
6713
7097
2361
2489
3784
1114
6845
179
7663
3496
881
7277
477
588
5627
5144
2520
5756
2858
7178
6795
8081
2072
1426
9274
8551
4662
1258
4355
4389
3505
6818
7459
6497
4383
2822
7155
5949
7678
3768
7125
834
8323
9691
3021
580
6998
1455
8633
6302
5053
7914
4049
9239
3809
9060
5729
4263
62
1279
7339
5094
9932
6178
7865
4409
3484
2048
6420
1265
5762
4097
3376
8871
7661
2730
1887
2730
143
1430
6465
6654
4869
1457
2029
8481
7990
8847
8939
5270
9764
9908
6559
7076
8269
6181
9223
945
5790
2762
1634
2275
8813
6703
1825
2096
7033
1681
9110
9673
4496
2934
7116
2129
7924
9047
4145
8586
646
1482
45
4053
5627
270
6127
4619
3175
6930
389
2350
2754
4592
5890
3263
2778
1904
3134
2185
2106
345
2245
1211
8820
9125
2963
2675
4273
298
985
4205
3310
5814
4629
9029
5893
5221
1543
2488
1057
169
9519
6387
4298
8879
9359
1585
9400
7596
6581
3878
4682
3067
8618
9232
2446
6039
7375
4883
5497
3717
5659
4763
1053
1516
8676
6337
4050
2048
7303
6420
2444
9912
5422
3932
3084
1293
9668
3888
375
5535
6797
5584
9762
3853
1201
9478
1792
4411
8326
3017
4666
9389
6146
7688
5815
298
2545
6542
1315
1093
5146
9104
5148
1736
2554
5523
6656
9938
9850
5952
96
8756
1241
4474
606
9875
5991
1285
1935
9338
7242
4058
5331
8004
354
6397
2090
7631
5650
5487
9648
7760
9287
2949
6035
5817
917
9356
7454
2024
9749
2342
442
409
1586
7135
2685
9063
2932
3659
492
8184
5714
1566
5583
4775
3092
895
771
8325
711
152
840
7191
867
5909
9357
7053
2301
9495
4559
