128
4112
1645
5120
2469
4964
2810
5060
7059
2168
8532
5379
5256
8134
6595
5440
2106
708
5906
9022
7193
503
6800
995
6669
1538
7348
8184
3360
4886
4473
397
5301
527
5179
6370
6580
6688
5820
8631
8910
5936
5215
3420
7514
6919
3098
9743
5290
4975
5876
7683
4364
7588
6649
4032
2835
8241
752
5918
2421
665
8188
6397
8235
6624
7320
7185
5185
5295
3491
3035
8901
8882
7088
3986
7680
6466
2931
4894
140
3132
383
2627
8779
5172
3940
888
7553
1169
9797
8907
8070
4356
9341
5677
4276
9353
2871
3473
3190
2345
1880
7290
5024
8526
7752
5428
7754
2547
7337
9874
7915
4893
2712
995
2813
583
7454
3049
5343
2154
8113
6373
2291
6291
2332
3534
8080
