4096
6874
2634
9858
2074
1610
2481
1248
189
1112
437
4281
4294
766
6186
5849
7430
321
7758
9649
6857
811
3759
4881
5980
8132
3489
132
3016
1775
3062
5808
4920
9016
6531
6472
9667
6513
5414
8894
6794
8021
6353
2161
8043
4373
5613
255
5869
2902
9525
281
8423
1282
6650
2930
8465
8812
4980
8851
2588
3382
9673
9979
7766
9565
6964
8646
2163
2983
9361
1392
621
6649
467
4191
9123
8329
703
3300
5331
841
2800
8003
7333
2032
9971
648
362
5456
6263
4813
4715
7474
773
7733
8621
5894
2288
9122
9485
5492
1060
4040
2063
2409
2389
8927
6194
2696
7350
4411
5426
2240
3004
759
7477
8707
1971
4153
4525
9179
6433
6486
259
2931
2035
2829
2642
7192
8373
9084
4467
9646
8349
2118
9460
4297
4946
9740
9955
1758
2926
5678
3690
6910
6686
3343
6255
5713
5746
5884
3321
4886
7291
9507
1664
9626
4216
5285
3237
1986
5830
349
225
7984
2995
7863
3528
7890
9860
1047
5540
8661
1463
8131
2890
3898
4061
8468
2028
8733
1896
9877
9021
4346
1181
7890
8723
6803
1151
9050
2386
7798
7499
289
655
3908
2850
6355
4167
8395
9915
9298
6102
3036
8115
3217
2641
6473
7128
2669
203
132
7613
1596
8201
6975
3333
7595
234
5856
558
2688
489
6421
9435
3138
2255
3877
5973
2801
5386
149
3037
5418
3038
9019
9621
5405
5851
8222
5991
2404
9735
6717
6228
8245
6918
7456
7214
3136
3168
3784
3774
5779
2205
843
1441
4069
1081
775
1944
1584
1101
7995
5087
6602
8588
2629
9799
1149
3257
576
7652
8592
7844
9704
8923
8831
5198
3134
4762
5570
2142
6919
9473
7768
4458
6408
2906
7446
2919
4465
9255
6082
8047
7947
1190
1360
5284
2265
4747
7930
7882
3342
2097
1707
6631
5097
8844
1109
2596
7178
2226
9670
6461
3450
8392
6530
7753
7888
660
7206
1697
5353
6106
6650
634
43
7757
1370
1333
7286
3536
3192
5277
1531
1308
5242
9044
8775
5644
9565
3663
3966
8692
994
3140
6301
9812
1844
7703
8994
3337
456
3273
7836
280
9823
7107
4872
7297
3453
5627
3805
5342
6763
5632
1226
9872
1245
8397
7547
8494
779
666
4342
2195
964
7549
6330
598
5426
3707
9681
1426
8466
4608
8022
512
2607
4514
5336
7191
6881
3364
4059
2513
4588
6567
8626
1021
3490
1776
2169
4447
6215
898
8825
1687
1538
9072
5527
7508
7020
6348
5854
6811
8989
139
3112
9135
2452
1722
5240
357
735
4983
3612
9717
4909
2435
7211
958
3956
2782
5083
4689
6644
9817
8424
6796
3451
9183
5854
7289
5892
4271
7336
4606
6241
2409
3334
6272
6430
5740
8548
8238
3759
614
4388
801
6637
6489
3329
3858
8861
9209
4791
2845
9484
2288
6469
6975
6527
289
7462
380
3081
4843
9823
8593
4712
6052
2911
108
8057
1309
1744
3961
5983
8766
8602
3637
492
8709
2128
1208
6940
2202
1932
784
3437
323
2552
6605
3245
899
4849
150
4251
6637
6722
3871
4534
8535
3327
3941
3066
8052
2169
7185
6004
3368
6054
9229
1076
9381
4233
9802
7030
9376
1496
8733
9172
1443
8538
4790
2998
3824
4128
3228
9780
2709
7813
2395
2209
6441
3832
3272
6012
3266
1433
4045
8335
309
2975
9705
1436
2763
4059
428
5154
2699
5493
4218
3893
7513
7085
3984
1805
2490
4794
242
4462
2499
3201
3589
4386
8655
2400
702
3347
9810
7188
1239
8582
1894
6487
1082
1382
5779
4334
9583
269
8202
7244
8515
4947
4411
9264
2371
8100
1409
6667
5750
4798
9070
1605
781
6825
3571
5867
578
609
3320
6081
7158
7475
2309
6011
3858
9321
6105
813
9537
8224
1407
5746
3813
157
1659
3863
6529
232
4139
2986
8520
483
7443
1709
389
4488
2436
5867
3629
2598
6397
9737
9489
5323
6083
7318
2308
4849
9775
892
9810
9598
5857
4964
2561
2124
6295
6516
4079
2879
1904
446
8839
5123
6729
221
9229
9627
2873
4797
5256
8196
7775
6015
4291
2918
39
5822
6946
1672
1830
5662
1936
8406
4193
9396
1047
3392
7341
9862
6494
556
9162
5154
982
4216
5185
4339
3369
8795
9251
7004
990
6015
1576
8801
1003
298
2485
3890
6322
8148
4646
4593
7193
167
6034
3510
2543
251
8474
5451
5239
6365
5470
9538
126
3862
6734
2163
9114
3832
1849
6834
7306
5748
7881
2218
7588
6857
7954
9282
549
8965
6165
5240
361
8142
9140
8455
174
6375
9945
3264
7356
2229
1247
2584
3192
5450
70
2547
7776
2923
3307
8622
6919
1337
5027
5130
4406
9249
4723
5380
9602
208
3762
5239
7007
1311
6648
1672
9316
4078
5407
543
7675
9210
2425
9129
9203
2028
1524
584
6157
8737
2597
4842
1069
7225
8219
4171
4557
2381
4022
2472
5596
8668
2854
2368
8865
2438
8790
6231
9876
7541
4607
1295
1785
4744
9707
7477
8816
5348
4163
9184
65
582
5371
5005
5339
9882
4661
9624
2884
3767
6202
2506
3858
7987
3298
2460
5733
975
3683
8662
5458
8055
2960
596
3549
9315
3549
893
2253
5373
8851
5084
660
5181
2288
3102
3070
363
8259
4670
8605
4833
7515
2967
6782
7917
1148
311
1772
7136
2754
12
4335
4363
3875
9646
157
3523
9159
8388
5411
3149
7897
5341
3051
3991
549
9817
1995
6186
2826
3037
5160
2143
1393
6260
6503
9617
6210
1017
3338
9037
2358
6522
8567
8623
2709
9876
5762
7238
1288
6423
7931
1667
6844
2123
7691
5199
3050
9613
1917
1322
2233
6748
9396
3378
3673
3609
2298
7825
1394
6106
2634
1878
185
4847
3571
4587
1461
2697
8857
4947
5452
5245
7696
8586
8275
6702
6994
5903
1768
5773
1184
9470
8930
23
816
9543
8073
2164
1028
6688
670
4458
9599
9103
8310
6022
1421
7399
8416
2558
1155
5619
1067
6732
755
7280
7229
6677
5688
5090
2395
5368
7200
3821
7636
6089
13
2959
7102
2214
3653
9506
8123
8722
7815
4447
7095
3256
3085
5573
2325
2615
1960
1312
8904
2480
9648
5292
1259
2744
9480
8257
9669
9445
4207
5918
4042
2229
1932
1766
8431
8345
4093
821
3939
6920
7730
3690
1198
4375
9726
7695
9708
1986
3220
6951
8498
6793
6170
1204
5721
9606
6582
867
998
3085
1430
7107
193
5550
2807
9594
1723
4454
101
901
9166
7234
1486
875
1970
2324
7376
5005
6524
2049
7732
9615
762
5521
8088
3377
5362
265
7733
6836
170
4725
7963
2354
5602
3071
4155
9324
3793
6070
7574
372
6309
2467
4048
259
9788
8401
9168
5349
7161
1633
7997
1132
1332
7003
357
768
7686
2700
8543
2373
6735
9636
3089
5649
4279
381
3025
9710
1694
3450
4316
1303
5262
9639
1496
7203
8456
6486
6968
3609
6104
2238
9286
5552
1743
3882
9845
5366
8176
5186
7019
4698
5810
2878
2972
6529
5335
4416
5322
9885
4189
5440
2027
6172
5762
9546
6322
1086
9483
3679
7958
3062
5558
4731
7835
663
5292
221
912
5738
393
1816
2749
5630
7687
2570
8480
9324
7549
2455
4979
6829
1638
9429
2498
1421
7285
7974
3774
3948
8892
6968
3608
4684
4747
7310
9394
6660
2553
4997
6830
5369
3642
9242
1339
4878
3681
3402
7607
9193
943
5197
4596
2986
3842
4940
5978
6113
8622
7340
8745
7192
2837
6827
3169
9075
6137
2619
6416
8947
7567
4409
7304
3779
5871
8651
3207
4089
2639
3499
1154
4112
8628
9526
4278
4695
8942
4096
1627
7300
537
5033
9958
554
5236
1631
9854
2191
5315
3192
7405
5975
5867
157
8679
7193
1061
3159
7181
7982
8206
6521
276
5265
6658
7333
7533
2206
7664
8941
5894
8670
373
2705
3520
9840
8674
8188
3024
8502
8027
4795
7662
4165
2686
9435
5800
9511
4501
8912
4419
2959
8776
8065
2629
4711
918
6992
6538
2826
7062
1508
5419
8166
5259
3989
4089
4860
8911
2737
1579
2217
5182
4348
8287
9836
5680
6989
2631
2690
8424
2120
2795
2286
5086
3131
759
6136
2218
1390
5839
3707
7201
7163
6345
7568
2646
1881
9399
8499
2901
9647
7365
9203
2440
6669
6705
7830
7591
5813
1271
4143
991
4538
1182
8687
373
9118
9160
4002
3603
3282
6124
8242
9511
3053
2156
1646
4473
5799
5004
708
8150
724
2988
6827
5937
4821
1340
4825
9814
1860
5287
3092
7644
3609
4919
1318
306
7991
8471
4980
4240
1883
9488
291
2129
9847
2810
2315
9571
143
7636
8641
2899
327
2485
1710
3281
6029
5705
9297
9540
2641
9866
8689
3956
3961
1250
7489
1104
7851
9949
3020
7133
7223
2643
7261
4158
8011
2469
6030
6194
2722
4933
125
5052
964
9612
5989
6051
9322
4807
4379
2922
4435
7751
3504
2617
6962
5707
7909
2452
8152
5227
5462
3897
4147
1399
4068
9209
2018
5153
8157
4170
8333
4518
8104
570
7750
3965
3984
7332
7808
1953
694
6353
4693
1444
963
515
3329
4609
8298
183
5570
4836
5342
1216
7796
7507
9990
6631
6422
2968
3418
3628
9695
718
1293
3035
2073
1448
7335
3942
8777
1279
8736
5545
9068
6429
8790
2427
8897
4229
9776
5233
4873
350
5659
1424
4616
2851
9456
119
973
9677
4799
6191
3026
5644
4851
6827
6508
2470
301
510
6449
8457
4497
1564
8491
5273
2778
3811
2388
8995
6333
2371
6261
2514
2299
1673
1103
1632
7452
3920
5644
2206
6400
5166
6051
3364
5179
790
7215
8748
2657
9698
5636
232
8665
9392
6684
5135
83
7239
5047
620
9546
7781
6148
4795
8024
436
5403
1171
6214
4137
8714
7817
8276
5072
1077
8213
6790
4519
5593
9183
1098
4083
6298
1361
709
299
759
6443
1119
5109
798
2257
6932
2794
3698
6557
9213
890
4496
9145
2322
2515
1626
8320
582
4719
4503
2315
1758
4938
3384
8693
7527
5866
5039
8950
3822
8756
7093
9902
9234
4260
9432
6753
2995
5137
7718
8435
9134
8306
3132
3806
3819
459
9550
5484
9614
5165
9543
7768
6997
9020
7927
8551
3379
5160
3757
8219
5834
8968
8384
6689
9913
7535
4290
5396
7279
9622
4742
8530
4273
8124
3949
8539
1937
1783
6345
2283
4849
3509
3231
809
5723
8986
7290
9651
7435
8127
4586
6327
6980
9603
342
4071
3292
2648
8830
8321
4633
4120
8170
8257
5302
6546
3827
4019
536
6749
9465
1916
4850
5181
5317
1635
5759
3381
4256
3174
474
2509
5690
1166
2161
7042
5938
4285
7699
5235
1662
761
862
7739
551
109
7008
7591
1143
3907
4830
7173
3313
7696
8321
1196
1731
2069
6089
6253
4154
5849
6054
764
7927
7413
9277
6594
1709
7143
8020
9497
9889
9899
7201
4777
4591
8420
7195
9291
8605
7619
9692
4290
8675
6379
577
5194
5052
1782
8222
4457
916
3070
6627
8778
6790
9955
1247
7182
2560
4737
9224
7752
9249
9456
4449
9506
7983
1567
3765
9687
4022
7248
3873
9847
9194
8607
617
595
5485
105
3257
6569
7201
662
9819
2156
3264
1094
6430
5558
8924
1342
2291
4598
4241
7665
2904
4690
7384
9586
8206
2233
166
4226
27
2764
7426
6321
4590
3925
4858
2792
8429
6968
6958
5863
4801
5444
1499
8458
1142
1602
5522
7328
2486
9116
9004
3731
5732
4800
8217
6004
9232
3229
4869
6872
7176
2759
8595
7405
9101
2804
1812
2773
4846
4174
2786
1559
8290
2218
2733
5093
3055
3810
3411
5623
8530
3954
2201
5791
6473
6333
7094
7232
7663
5785
2011
4088
3696
5661
1471
1380
2871
528
8694
7035
3670
4892
5094
8143
3278
8290
7655
8519
3594
7013
3775
2906
9632
5896
7108
2348
872
6734
4929
9662
6913
3855
6470
548
8135
8011
732
5970
4909
1344
2766
6090
5708
8389
2154
1479
3821
8126
1759
3061
7779
4424
4235
2693
675
6580
1873
9366
7335
4584
8995
5427
1861
3878
1244
8486
9775
7793
3185
5263
3518
2052
4326
7408
5565
3907
5022
3372
4638
3973
1166
2575
9683
8371
2713
9546
8162
5138
5120
4794
1404
943
8409
3624
4301
1476
174
3302
9828
1822
7358
5324
6558
3078
3582
5712
6131
50
1306
1231
6204
4592
8592
5687
2783
6079
4773
4062
9191
8440
6177
189
8781
1050
6280
6819
4920
1130
3815
3262
8920
1782
6627
6827
2854
8791
53
2395
7885
2089
1326
2967
1009
2635
3028
3924
9666
5391
8417
5738
8884
4210
7587
1108
8778
2480
1624
7913
871
5800
3525
8097
9701
8166
8280
7096
6918
5032
4068
8764
5725
9659
6367
1268
4672
1354
7286
5525
4661
8432
7532
1163
5176
6996
9664
3253
1288
8997
7710
5341
6037
9207
7473
3364
8083
629
7261
8631
4846
6359
276
758
2938
926
7335
5995
4263
2334
3622
1410
3589
6221
1310
5055
9995
5295
115
3842
7586
782
6902
5595
1465
2955
6967
6598
4809
8310
3399
6453
3494
5477
8127
8900
6147
1418
6808
3444
9995
8874
4862
6107
2296
2794
2759
6141
2145
4714
5545
3724
1666
3543
105
6655
8911
7878
4399
5171
3690
7833
1974
7339
374
9815
6202
1369
5650
4667
5590
5571
4373
9249
577
9439
8175
1862
1787
7552
9187
6855
935
9121
4933
2114
2592
6615
2057
2121
8603
3094
458
6419
5240
7037
7147
7599
7010
4899
1576
2126
4781
616
930
9992
6378
7659
955
8991
1520
9791
8993
6679
8079
8542
7945
1589
9719
9642
9464
3713
8496
4591
1099
5113
3845
5598
5133
8778
54
5922
366
1818
7645
7654
2500
6693
7550
6672
5628
3260
1063
5182
2899
6933
8408
2928
7130
4883
1368
554
9167
1174
9570
1253
559
2709
1336
5116
5078
6931
5659
6884
5297
3023
830
5321
3003
3913
6699
8925
8154
4600
4974
8099
5657
459
2602
2870
4031
5133
433
330
513
7319
2105
7915
2861
6447
49
6809
8663
9359
6697
6414
4329
9287
1566
3958
5180
8775
8862
8707
3593
5652
3498
4325
515
9410
3340
8666
8263
4601
2005
8687
3175
3154
6538
2222
2102
2897
3141
4748
5369
2819
3758
6305
7082
3246
8393
5170
3053
9081
8655
1006
7552
18
6262
3669
891
3742
4715
9198
1498
9430
6512
6286
6039
2106
3103
7488
9842
9701
5761
8706
7920
1961
9840
9364
9773
8885
1249
7081
3120
5889
6674
5109
4178
9563
8694
1801
2491
8348
8335
1399
2266
4597
9174
4946
9231
1116
6413
6009
4596
9053
9961
7884
9314
1210
338
5080
1925
6103
6514
7483
2911
4974
2590
7182
7385
6332
3627
3521
1481
7803
5644
8957
5508
6246
816
6180
7312
132
5646
4146
9547
8875
4032
17
5321
1178
8645
6232
7285
1939
2496
9493
5792
9991
9577
4559
2099
5312
7567
5163
188
6595
893
2822
9265
3253
5931
5248
340
3045
3591
967
124
1882
6840
5319
623
4422
1912
5266
6830
4004
1361
7188
3026
8957
4286
4162
9779
3641
1495
722
7266
2876
8534
3551
9893
4558
8688
2293
9289
9461
8961
487
8746
1768
8000
5612
9991
4155
510
4803
2573
9887
2669
5827
2257
3605
5112
7830
3927
2181
5974
6542
5861
5831
8009
6020
9920
4440
9263
7138
1949
769
6243
8075
6189
1468
1333
9601
1452
9348
1111
8506
9088
9706
5654
2730
1375
3783
2268
4291
548
4723
777
2581
4136
6383
3177
8384
102
234
2392
7335
6674
7337
4974
9149
9254
7292
8203
3034
8055
820
3359
1658
1497
7834
4369
9970
5922
840
6768
8305
3206
8959
2137
9547
3287
7153
1770
1693
5993
755
1723
8031
6663
712
9521
6611
6220
7791
3221
7120
7361
8719
3378
6092
8341
6694
2809
122
9760
5500
0
697
678
1769
7958
8159
496
3872
3662
6817
288
8773
8837
6458
8468
5678
1835
6621
9415
1832
664
2236
5258
2678
665
5710
4680
522
1842
7812
2006
6701
8804
4055
1753
4088
4849
2805
8682
726
3132
1409
9017
8069
9034
5011
3251
4612
7972
7482
7430
5321
8118
589
8745
342
1294
2720
4614
2984
4589
2702
1502
754
9530
1083
792
4481
3443
9916
8556
7779
6135
7294
6161
5384
5580
5419
3236
243
4012
4220
9716
7349
4898
352
3667
2853
5246
1758
8631
6671
1332
5995
5115
6628
1341
2280
6440
2916
6847
467
2859
6541
6559
4484
2084
6840
1759
4775
5190
8611
9744
6835
8154
5884
8656
453
6423
5517
8981
2973
1317
5361
1690
6839
1397
2763
3471
6822
4381
6161
8195
8735
966
4604
1705
4597
1785
4706
2198
7460
1493
510
6088
5193
3880
675
5712
1525
187
3218
9451
8671
6001
98
6038
6542
4028
5004
8132
5594
9985
7609
701
3121
7482
4375
3491
6393
1004
66
9125
6626
5169
8053
8192
3009
9873
1141
1171
2618
1376
2735
2202
4874
4749
8303
9484
1818
3796
4260
3163
2411
247
544
3202
1852
6501
2256
5381
6603
3019
9936
6678
7933
1794
8089
6047
735
2253
2850
2062
8327
9404
1767
942
7382
2964
5337
6765
5656
1039
4843
6634
884
8133
7367
660
4892
7032
8991
2155
2787
9877
4691
4601
9431
7067
6305
4261
3156
2391
7518
3502
3963
8469
4929
56
5248
5579
7870
1378
9368
1165
5242
2958
9500
6133
2587
5529
7796
105
555
5773
6645
9431
4121
1968
4512
6650
3368
2091
2620
468
9598
1624
6651
7282
5868
2415
6711
6860
426
1478
4215
8982
7323
2147
9595
9804
9016
9926
7941
5865
9312
9726
8755
4648
1951
9889
5082
981
5163
7283
3486
183
8508
6078
8567
3611
7662
4142
4336
9732
3629
7075
5571
479
1319
5902
1053
8182
5328
576
3168
7401
2957
4771
8643
6243
7388
8034
278
9022
901
9257
4996
7951
9407
3887
1467
9902
897
9706
6603
7513
3721
607
1347
4571
1534
3021
3773
527
306
3721
9236
6514
566
2703
6082
6249
2684
1362
6696
2966
2399
9736
2099
5784
2076
9879
2264
7055
2073
2863
2771
9039
3668
91
2566
4129
5256
4806
4183
3782
7150
6278
2093
5821
3039
506
1912
3956
7255
3622
5000
3605
7327
430
7566
4808
1480
2952
8439
9600
5397
5671
9142
3213
6292
7148
5173
8361
2006
1636
2950
9596
6922
4449
8546
5313
6004
4179
9584
520
3900
8146
3357
9138
4318
4420
4866
2401
1633
4630
9393
7190
1584
1289
8155
1041
6099
2606
6949
9642
5202
9293
6741
3722
9448
640
2150
8283
4499
6043
2128
3847
424
2033
7637
1275
2830
5112
7099
6081
5658
1060
301
5850
6800
2876
9531
129
7634
2509
9848
6900
7227
2199
8027
5655
8773
8481
9584
4425
6989
240
631
4006
4100
4376
8830
7394
2782
574
2125
2894
6756
2897
1639
9377
1189
93
5340
4958
6444
9836
1069
8229
783
7988
6770
5520
6790
8763
4322
8910
3775
3051
3918
3727
4648
2556
2950
744
2227
5014
8704
4353
808
2125
9453
8817
5039
8342
4571
8439
9994
1626
6793
1055
6208
7475
5159
4448
5766
315
4679
9060
8768
4510
999
2690
1752
1234
2002
7716
9152
6920
9373
7304
5674
4540
846
4861
9968
7436
911
519
9369
4841
5915
3300
8264
4193
9671
6515
3105
1238
2714
1184
2146
9887
9019
5480
1525
2190
6133
6838
3089
9017
2
4844
4332
6455
596
6251
9215
4403
8612
7082
9430
9380
7263
2731
2668
9409
7715
1723
3602
168
599
6773
1978
894
5543
5376
7933
9415
5219
1383
3686
9225
646
4560
4793
7077
7031
8917
4728
965
8708
8125
6404
8222
311
4173
7160
7581
197
2688
4565
7458
3331
355
7615
66
2659
6414
7180
3620
1566
5380
4416
1516
5257
5872
2885
7418
9638
9283
6790
5773
5171
9125
8605
9474
3579
382
2622
8291
3663
9570
2582
8750
3445
2622
3234
8404
3968
9625
783
3780
6935
7488
7353
3106
2603
4308
9914
331
3701
7867
5696
8620
716
9850
392
6186
1284
9488
7095
5960
4471
1835
6447
2645
3225
6053
5754
5859
7487
1285
5721
9552
2411
1172
2117
4599
1456
6473
8420
8817
6028
2137
6409
8202
3099
275
1282
9561
1187
1057
6186
6684
7228
6503
3504
4784
4360
6819
51
6073
2240
3866
6786
2753
54
2776
4558
6403
8733
761
5002
572
6139
2344
2643
8531
7192
6554
342
7121
581
7902
9066
8703
3425
1998
3068
3799
5836
4935
7242
6462
8350
1707
3891
7746
5674
1866
2034
1742
7288
2647
4834
3426
1925
6825
500
2398
8805
3951
2340
2895
9319
3826
775
4119
8085
4985
405
6570
5609
2279
4709
2439
3431
3281
6421
5995
2312
7331
6727
3233
7157
5375
2798
8880
9337
1510
841
1519
7267
9798
3881
233
8048
3583
8966
1619
7020
999
9387
4423
7510
7259
6121
7438
7685
796
440
2403
1434
5288
8509
1660
1379
4156
1361
5704
2901
3395
9027
7595
1704
3034
5311
6329
795
4573
88
9158
6477
3307
3729
7470
6819
3941
7940
5395
1381
9895
1171
1855
5420
1735
9857
8218
3797
7568
3992
9856
2809
2522
8447
6502
5383
3871
2376
4887
764
3465
8856
5644
2404
2617
2093
9652
9933
4745
620
5412
9258
7228
6443
9059
878
2584
4834
5543
9107
6983
4925
5335
1486
5300
7482
1726
4887
3508
9146
119
8132
8181
3175
9984
5417
3839
8962
8824
5923
675
1139
2375
682
702
8283
1553
1597
9159
4640
5049
8128
3456
3992
5470
9696
4825
3482
2920
5257
4645
8391
6690
7815
5986
4811
1270
3074
2329
3864
186
9510
3278
6331
3267
6924
738
2154
2083
8372
4519
8290
1670
3455
5114
6441
3140
3554
5976
3194
9253
4667
3267
383
4956
8481
2549
5184
1879
4575
7411
8049
7331
6798
3082
5188
5814
4101
3140
8372
2827
2150
6474
1338
6262
8806
3231
8078
8555
3424
125
1786
9404
9245
1714
2802
1063
8421
2235
9109
9817
5250
8614
2728
9049
1831
1297
8994
1788
7595
7948
1698
2280
8141
3804
5498
7806
582
9123
8471
6083
541
671
3665
9095
642
4710
947
3351
1977
2136
3450
6986
1065
4691
526
5955
5338
4150
4981
2394
6419
9266
3859
8430
9057
8702
3991
8478
8849
3443
9379
1848
9834
3139
7320
1430
4366
6689
8492
7609
4588
9135
4052
7284
5846
724
8978
9410
2284
2784
9410
9305
6497
82
1231
5263
3679
9512
9763
4777
8401
6517
1633
9491
5229
5234
9596
6988
2270
6002
3215
2085
4277
500
5379
1165
152
9997
3270
3653
8065
9722
3515
823
9354
8118
7344
7871
848
6189
821
8837
1304
1895
7401
2052
9613
6749
7653
1486
1882
3397
112
9044
960
7867
3802
9030
8435
6713
8710
6783
2548
8490
7961
3404
6803
6813
9081
6315
2900
9006
9176
8838
7753
4989
1521
9950
4156
7747
269
7680
760
7901
227
6886
7519
8633
588
4896
2721
2157
278
2679
1599
1951
6419
1502
6894
1206
3841
2638
4990
8464
7082
3407
4103
9417
8362
7788
6827
3735
2634
7576
7829
278
4125
2204
1813
5472
4488
797
4466
8073
3788
8404
4718
6677
5922
3077
1724
2909
6758
4909
437
4368
5038
1544
2467
3259
2806
6808
8349
3635
4985
7122
3083
3911
5302
6228
151
1841
8364
7448
9499
783
6089
8793
7119
7137
2042
5181
7000
837
3750
2589
2415
7868
5581
339
4477
252
6424
2680
1316
2481
4204
7867
6819
1759
6584
3778
199
2023
916
47
7564
4164
4806
5028
237
9882
2712
3219
3391
8846
2477
8382
681
8085
7532
3915
776
7345
9932
8123
5870
3982
7990
1904
5889
8656
2842
1714
3561
3483
2975
6622
2078
7094
8851
8535
6642
1796
3986
7318
9661
5368
4978
6341
4322
2420
4407
2166
6440
711
4847
5118
4596
900
4788
7117
4140
3687
3311
6763
5726
5726
8271
4407
3136
4159
5313
348
4899
6872
1268
6663
5513
1082
331
4768
872
9145
2808
582
3411
6265
4972
2929
2153
4211
409
1908
7927
3426
6809
9976
9418
6942
8449
8329
7565
6030
2738
3091
3716
5125
100
6479
3276
5021
4782
1396
2546
871
3638
5494
4918
7626
9224
9184
137
3735
417
3582
894
5918
8061
5939
1886
9715
4516
8428
1468
4312
7456
3773
1283
6933
718
8339
7087
914
9304
9651
9961
4678
917
9155
7155
5896
2518
1549
312
97
6629
469
1987
6236
4979
823
8352
2793
7986
1680
9051
3458
8816
2317
7336
2684
2437
4588
7426
5429
4822
5558
3879
7319
6937
4510
9583
9396
3663
3324
6474
5878
7859
8296
8110
6573
6283
1580
7566
5737
1937
440
1665
9660
4750
3381
210
7068
1435
